Visiting cities in order of: 
4.924437552255688 7.650271961097552 2.027288634814605
4.20588807571365 9.530553679356663 2.1846094772576943
5.988283341848759 15.122552096123272 2.8359916527639046
6.350383142114346 15.771098717041273 3.3154268553788118
1.8929044820480545 15.265405316371544 3.5941628510028716
0.9051131697387138 17.07719159558535 3.1770761122078066
4.054067074229151 23.354731154438525 2.102133154664216
4.68709655619425 24.36925675095896 3.601603058831753
0.9526403150807816 27.354817633272493 2.311526245403997
6.331336591159844 29.615177529170907 3.6300844147379845
7.760680767500093 25.82500212891081 2.8456454739705848
6.818312554442423 23.428619612740718 3.6490394732464884
9.818576982201716 22.936677632748534 3.4449344281666425
11.838636704793696 26.47795000622578 3.183170899406443
15.27742196733692 29.38115186208067 2.441533094698511
15.98313200951381 28.13603374928978 3.5434164766796767
19.33535272271665 29.726459785218815 2.0636567925658884
18.757568237191805 29.123356865604464 2.9359207499792213
19.91588676391195 27.398277790866487 3.827967460833521
19.821272089267037 24.918695383190027 3.8112252013534
18.93494666881839 23.174451518177996 2.867134407808405
19.242725281518407 23.880649195749434 3.694544576196273
13.657460334345728 25.47899271892528 2.888590788755269
12.234122303801866 21.684193827270438 3.6257010893517236
13.59648558824138 18.41228285185966 3.1494597121216508
12.395966744273537 18.426684944539623 2.20904539863424
10.48840679091244 17.990858523998465 3.3831430779271727
11.786522008701152 14.519511491390823 3.153210804098038
13.149788580200381 12.850324935908494 2.8769058407026984
14.419378242630996 12.75100354961502 3.9428615269932528
16.783103853954234 13.94934191809602 2.7943657853758177
18.92601286213291 12.288543777132448 3.540886161269594
18.84279312045247 10.43322063641162 2.8269342134563633
18.745222603282944 10.986025844051234 2.625474437544871
19.120465874995844 10.245858857005745 2.271580754579226
17.454478196168626 10.286797477775789 3.047557027561215
16.105125243725045 8.595798415874993 3.1169955637295983
18.600200416452015 6.971008843938483 3.2121563676993325
19.965985056180507 4.077422496515464 3.3041558630506094
18.703758782480985 1.8152472599885938 3.0317073168953885
17.07195034059629 1.225611242986624 2.9627849083509306
18.59889461502371 3.025414587934503 2.9450735252943554
17.213044387141284 2.0934904702831334 3.33349540090421
16.240207158626248 1.5267148766374083 2.964902338158769
15.862741062537358 0.14819157943374073 2.9936409511986124
11.912861422064168 1.4356872874372706 3.7954608994656596
10.959857551398366 6.004303737412763 3.7685979267546763
8.194015794397822 4.572967125249284 2.4890291987489226
7.0471962047588725 1.3481521162393495 2.0536485415912042
2.449413433536649 0.10688341968793758 2.417703136869801
