Visiting cities in order of: 
5.002961334449758 2.4015246651717073 3.2771500828010307
6.453079092845675 0.6825071373806146 2.86842655704673
10.52209377348781 0.9602620982855159 2.563781429474343
6.8836540410301446 3.480563439606458 2.430299320848312
8.104302696208732 5.805429483795518 3.1992570219512144
10.181386132685923 5.578028985770246 2.0163751796922273
12.161305747115332 4.930692313042547 3.800074137902566
17.184754645236755 3.692388475919053 2.0858763400039972
18.085626256222284 4.621787927733609 3.597022619586437
16.135067878286545 7.31968325059348 2.0431951777961315
16.891729357606348 8.826782034302447 2.944960399676744
18.726503612713415 15.032333165516658 3.532178245566718
13.015109029294084 16.082102793872263 3.7090127970740383
13.28031685186372 12.934734495262505 2.961676940299359
11.189441671296436 12.47686782926914 3.6183774649647313
8.180344048413454 9.81079975012079 2.408729489048146
6.570936285995542 9.335198192775582 3.8385303119360983
7.063742547768177 9.144309412704466 3.6754361365514705
6.99337066677497 11.039606915916044 3.8498915939177527
9.447588350809093 13.554380650837773 2.5384521211813214
12.516594136703244 16.538989728039972 3.155169334948263
12.092454501360127 22.47086998653619 2.4145954407044243
12.209961754965818 24.83589667451576 3.9446846579852366
17.72608669893285 24.747666532124775 3.2217062891513475
18.005777242941832 28.24742391863613 3.515620049139816
19.918633034348538 26.149296672710896 3.7326307823393647
17.77919976990444 23.6141220146859 3.0904760078350537
13.439067555322833 21.5509596730944 2.647881786155362
10.820603355000804 22.275746491926604 2.518583151353041
10.698892503835538 24.71523173248804 3.7330772270866133
10.38245253612325 25.388654867867704 3.0234304822606015
10.275046833542216 26.41971645882089 3.1831022431424354
11.491170387968332 26.29495941533725 3.372705480006502
10.625109514484674 26.661405247367753 3.6580130500046075
9.310200505565343 24.633000495803913 3.1949742665591176
7.384510496538024 25.092354158360475 3.551972085788469
6.884888739387689 26.308068846498987 2.7993304656050184
4.284124619304361 26.56202154026571 2.9462907166294645
0.8906564213432855 24.724917338780553 2.9031373148718
1.9027396890236292 23.516503880141165 2.070530567751956
1.004027841759163 21.81481898463742 2.2317518851848597
3.6696772301264824 18.623108851398506 3.607609544648993
5.916680724346484 20.09076345999701 2.83964180888408
7.978800710586345 20.98897075226529 2.4143878327880746
6.948201944033543 17.673786924137474 2.2670569026989096
5.747330431205828 15.280630369133394 2.8905444792941997
4.17986045580659 14.177735011078088 3.64396976944095
3.1338973804504144 13.896057579128744 3.9459861610401035
1.6230178659418626 13.602623791582646 3.509326156956958
0.39091024824764675 7.31866058364226 2.5403542953298492
