Visiting cities in order of: 
4.414238587573194 2.195925897805644 2.4223224468171303
15.498624588554918 1.4046994817466896 2.0808792916909837
17.819005091487334 0.5739001183712855 3.4053684884620266
17.29644951513047 1.705488449830821 2.7226834056685423
18.422458807360837 5.2220616483310245 2.1451368670745135
15.108100307726664 7.593839837066644 3.5023163856710635
10.912303376242821 13.640640148088067 3.239164832022575
10.536021746457006 18.35787517122499 2.17618591007228
1.9966657031406099 18.684036654064194 3.035015952162855
5.531050113086476 22.915869270703787 3.3878272961554265
4.644226824958859 29.088345061339048 2.53671352633227
0.6409052350654454 28.710734085311866 2.613932559564033
4.846420989201032 29.133500256422586 3.3785864636164
14.487546804541065 22.58809344233082 2.4372563660871536
19.18329178813249 16.53285476668259 2.842105014953699
17.417237890844156 15.591717755975269 3.7976623652991495
11.144989548595646 15.321366001488185 2.9479922538417824
10.899473169582713 11.43357028589568 3.403190996686016
10.535993682881045 9.89731633063053 2.6284802099423574
7.637303388437715 6.86508607737149 2.1346056747116267
