Visiting cities in order of: 
1.8069239076453836 8.776270776374012 3.440549978256286
6.6607236613478875 4.71060706737097 3.596141603254793
14.492262227719287 6.921026860279797 3.7366250244976116
14.036937558829843 12.242715234467253 3.408680711765225
11.695895330009892 16.810678530659978 2.7878745057390177
7.552871879502119 15.929550492425525 3.951751619879969
4.917089685834968 18.66080252529665 2.502101714235013
6.900245748195546 19.69383665989791 3.7233188393098238
3.7652410690809335 21.84946041100374 2.843540366600351
3.411281365420793 27.5330184797526 3.2560857485663615
4.1008964046302365 27.61173164720992 3.392822754674997
13.691367080767613 27.046969351610624 2.1405911364282106
17.36000251741617 24.93913081236338 2.9949404068807723
17.696307802368285 21.64958202184418 3.481805454433933
18.927044906542246 16.64879913259274 2.389565924722861
13.947462709718273 12.193961980319695 2.771510838625923
15.867629221420469 8.161628773274005 2.8314539375977072
15.85371505800314 7.097496725818089 3.141032383586412
13.748382567577266 2.1145497403350144 2.802882549173973
8.186774197229632 3.3838617156352546 3.8663351371066454
