Visiting cities in order of: 
0.07576896857890203 0.20700664676208125 3.680434095986243
3.01858677219488 1.2572171496931184 3.3149020597521215
2.682333931084353 0.8198440819158725 3.869227376145815
4.351703195339556 3.4778730951731127 2.4200572459342427
6.842657508639844 1.557236134551081 2.5624209017094817
10.644567704763068 4.902185836971315 2.9651464519086446
11.326105437050751 0.593243913634145 2.384208970368908
13.299313910543006 2.428193320494522 2.6944619495713242
16.927954269745374 3.444502792608918 3.1798784697168068
19.433842944397835 9.248420100172144 3.4903758857620026
19.499465104701347 10.476961268836781 2.9195329451565577
17.96030995980631 9.822439147709304 3.151245685752664
14.258469051350087 9.509004663366925 2.4924369366605585
15.099383859159236 13.656607060349051 3.11448480030218
13.648177531431662 12.735424420103765 3.580196653421499
11.254685345163695 15.62323218491901 3.261647984835066
12.410891642994695 17.69477746011153 3.2191619324500405
11.910517120499705 21.72319053117706 2.5783723342451523
17.603195661586092 21.23322962198979 3.121975526492458
19.727695127688637 22.704384762302187 2.6465426175578886
19.90765315388662 27.7499742023592 3.5426837050050537
16.23887725574412 25.740479375615866 2.748316904811366
11.470817268533098 24.546301938991693 2.0864090624509704
10.302050778223283 24.206449468915267 2.3137568327114684
8.456436168334813 28.589049688035573 3.74359440463106
6.518652776125435 29.185460508907386 3.6439959695733624
2.1096127584715796 28.122257009987138 3.408437071190653
6.208448356669695 27.826404154068868 2.8449627860835642
6.272400165853149 24.748170841772986 2.8270246119004776
3.7840615584277737 22.079715256207624 3.144061553722715
2.797061379382857 20.563667998787828 3.10895475125516
4.383373744545551 19.900075372200707 3.771728681062768
3.819349222596571 18.730661901942906 3.1576807239784292
3.0359132754407625 18.931771322483844 2.960055617870675
1.7040972424438072 17.194637524436985 2.1186929151564917
2.9822112028374614 17.976956232183806 3.022769490430038
3.9928152897461766 17.253691542357696 3.4794545017832883
7.328001661228988 16.12977524203521 3.044508294241207
9.569514260526253 15.696153688260345 2.620031262535122
8.79242435384806 15.758860902593213 3.845684022421758
10.129358982136035 10.752476513193805 3.3750401051028236
5.815385366597708 7.618720770572111 2.5064078841427877
5.628761813631476 11.067366019824703 2.486140000054195
5.961763807645286 13.001873222520269 2.091861491670938
4.269154683513225 15.533146880414728 2.684905539160786
1.9890094328696128 13.721419188272199 2.1739299122072966
0.9694410734196746 13.047371980542618 2.699374823042099
0.7938580604867385 8.213156179507894 3.9304165248766285
2.0483388301720296 3.835470254807698 2.608664758086318
2.2117017265255368 1.3854580650640402 3.011139729228944
