Visiting cities in order of: 
1.6359272013089021 1.6136047937480547 2.5969959515839447
5.239609688312963 3.818360821680886 3.829401577970638
6.307768910535088 1.3338807077438863 2.23232958818493
6.707841682419417 1.390892566598888 3.7963908318507924
8.234824287309372 2.5298683588551563 3.7250335173916236
10.518734387091149 0.04720494759053673 2.6570742173157402
11.082608919529553 3.0576869438836765 2.9211370454609185
11.385013230599967 3.4624947501492143 2.6202527919825034
10.92687090144983 4.951922504285285 3.4545750342489763
9.85233720077526 6.1307315486808935 2.394148112242188
7.437816156178032 7.478402149323777 2.152805542574339
6.385388891779559 8.33614529779734 3.739660808245917
2.91860995789633 8.329865413355769 3.655774793681175
0.17304426464411105 7.497689529453392 3.3475938357067143
2.8987297275261104 8.72829236388016 3.4609400843458333
1.8560368142121075 11.166116499031048 3.3305327069776958
1.2600814006826977 13.621397622983315 2.845180259674284
5.511943202058863 14.658957959292575 3.6679813148494373
7.617742446896121 14.20476536135061 2.286446373256579
9.528831058505121 12.995100203496564 2.895921238640151
11.625492201271275 11.630403970150573 3.41206577065502
11.942690825228311 10.030940077114593 3.114287310713931
10.854848520493592 8.106991359814623 2.4585590543168703
12.26622956836576 8.680148061090918 2.824419398971333
14.669623660132851 7.178404864806596 3.5079564969882293
14.661421917863844 3.2893920234261556 3.103974644211069
19.356741519600227 2.791376813828459 2.9772298919539013
18.595520554066596 4.985533314894627 2.4477449522307575
19.04434375673216 5.713977809617369 2.5471933238183104
19.159580911832588 5.715346503451072 2.831441829772708
19.983178202526187 9.906936325338132 3.8365976015000016
17.37072301674286 8.481230558430603 2.3563449541402566
14.494891560328288 10.378946999153218 3.341512019746827
12.796231283161145 11.738398224348629 2.43813819722945
13.160743918776372 11.0558672094278 3.716348656998045
12.269047411616665 12.738906482753732 2.598284053291014
12.186980880026073 14.094564072032332 2.948526305478407
9.594358536535717 15.918486345983041 2.14231384473601
8.884288934557961 17.630798968323806 2.8485862678773035
7.736094180528765 18.68374067594506 3.0377180128957164
10.361592178235593 20.017593992048727 2.9273714538789672
12.47661387143161 21.809667434408595 3.4831119292069683
14.020780103805308 24.12798705300527 2.095849172542791
15.342367564462903 23.54947534105956 3.569255127516105
17.216729459909516 22.54815737659303 3.5805454149216205
18.626083971825995 24.479373874343445 3.9982519615531356
19.724404428462908 25.3471667028248 2.47147045061212
19.043338113391894 25.313441303052063 2.612901676582926
18.488295465960643 26.661243850411438 2.2710336846711794
17.656584600378306 26.15892751974193 3.5715247423329792
16.451456504210725 26.207237700258283 2.280010716310569
16.09449675949735 27.31213434933913 3.2026978054968738
18.01347956006359 28.15915141343217 2.5281370501628784
16.478755534872196 28.96614387465063 2.630275995449022
15.641166079584817 27.04273337610283 2.7509026691509213
12.10245485063533 29.204155791153717 3.5662356750724733
10.835907870496568 25.957347907138775 3.4801948973330195
11.070695484598973 24.01312442515491 3.4431191601648647
11.04326631538656 24.748300879913806 2.0559689824506333
10.975436393682605 24.835956787396498 3.7145827424831714
10.63505339936922 27.674845505830135 2.497052162068763
8.514016488263342 29.256953391062645 3.182321686938901
6.707405532719259 28.305995509836727 3.1506833776096226
7.333417145166566 26.073746361960094 3.2150746861933284
5.576434528728795 26.87062021167613 3.686422302092767
4.831680110469088 25.01641069572019 3.320407947515883
4.592056742509747 26.976752086439603 2.456027005354944
2.1799823034399934 28.384303377205548 3.4608369185855743
1.2805874952192764 24.551663151056946 2.5474236460292596
1.2037572503774951 23.30146100726561 3.194710326501621
0.8725965412707604 20.20959443456966 3.2478178523223398
0.0632078422034632 17.002448029263164 3.8934320959480755
0.25930734693086377 19.769439682905357 3.897609054923479
2.272636527074441 20.122464470674327 3.628501883197958
4.362877098632929 20.093459894641672 3.9527197672940426
6.455833593916836 21.0958254884003 3.6385881943485034
7.4948599939109295 21.98294298655203 3.4941547401955386
9.476287270997348 22.61506013823294 3.6707153115605373
9.738610140860416 21.132765666716026 2.7185224943163613
10.16881955857501 19.841400433730957 2.5457764490529824
10.79059102014535 18.13490661644348 3.282941317620589
12.139348346956025 18.491943279388394 2.2828215881395932
14.368992599410541 17.375647556626944 2.45152543888453
15.94709309310171 18.70649930264377 3.1492955500873854
16.928930583652047 18.62733418841706 3.6246310726250934
19.45117474231698 17.712468074366495 3.570089038308054
19.904498186929466 19.964662637976147 2.0592792401524393
18.26487978786651 20.552768924776696 2.193943395155599
19.022174232033354 18.766273466036044 2.5792243045231125
17.155527745726136 18.52163670552213 2.3431549121120496
16.39565157615119 17.149090592225775 2.3500616913457884
16.7205428498906 13.936735568085371 2.2512974608629905
14.297487274874117 10.60908406356398 2.148433070354532
12.844725893454916 10.483637183573503 3.949026468520449
11.952719262336682 8.867770459009387 3.641370993522052
9.789516235221745 9.661089500436844 3.224050630964607
6.579001373879699 7.855151930853459 3.5624049325984233
4.147367863372377 7.028595733182817 2.9739670714940982
3.4052673416503687 6.4036981487446365 3.4015063128429928
2.566994001734131 5.522831512163595 3.1702032665422832
