Visiting cities in order of: 
2.4593383245418 4.087887529184382 2.944700183960099
3.342164726371506 4.181590290845892 2.8013105417016355
5.580079681624108 6.188608736610081 2.172538665261566
7.63558193031173 6.334654839663703 2.2116090657345504
10.525671424225148 4.367086920801755 3.3028564003741723
12.454244206267369 5.138651591336274 2.2999062131434043
15.171230057243788 5.5546562263753705 3.9630908890834253
15.753038723124643 8.215374643555636 2.739708998485667
15.73340470978411 8.607790236225757 3.062951474676205
14.40305774046946 9.717761277146064 3.9504040454975273
14.1523658422526 11.504382864216323 3.9602623537823245
12.524253208499195 14.141086500729168 3.4328209134338614
13.467541315751815 15.29850084210931 2.0162638685928895
12.419041364403757 14.298613636318889 2.5611254012034212
10.906556730132404 15.00195935280114 2.182835060190067
11.866310095616566 14.504370141941585 3.3888934141889773
9.546442732034262 14.192838758157274 2.782728609980322
9.374463761762817 14.290231047221805 3.0888242240656307
7.472194140790469 12.709321478469505 3.5500255315052778
5.902540848886735 15.099845899490093 2.6849928276511745
4.51675026965405 17.408772285645487 3.9703579677180527
2.9356199673522965 20.886406525909198 2.5997754703423563
3.9431113073369706 21.290553581745307 3.780287076613975
2.709935264072718 22.88190150124741 2.24462914235185
1.7396266842858443 23.525088898733234 3.008202483620539
1.1263849364434164 22.686710788209197 2.184725005683035
0.6106565790598206 21.828509571076893 3.6887632393148015
1.1951109583282649 21.001632580419166 2.946679191477897
2.5213226262677835 19.664498560631813 3.4383096003969356
1.4880393542021397 13.85450922244104 2.608431865737868
0.8558618643485438 13.905321169930398 3.3850133654472634
1.7418477761246653 6.547964865531957 2.749638669760918
1.4389561227450565 6.0488645658010975 2.6650666790576363
2.204507987595201 6.63625678834446 3.300029764803556
2.3956382960326517 4.2009199236490335 2.989438049092435
4.300932722204102 4.672733459311045 3.2224562137166544
5.549742876810539 6.772992131821928 2.9265222710612058
7.2653686909959925 7.933013767926105 2.3228171152002544
10.19816070851685 6.793726746643209 2.112835962243406
11.26849986355661 8.388744827898178 2.830377456933835
11.46423015128223 8.87894232979062 2.850503975050671
9.237374948569684 8.179231211659333 3.748963425629721
5.449769855465901 11.46312292833973 2.3349602248784995
5.81077172605049 13.14750893897293 3.417976681395011
7.5972711322548285 15.545489949570314 3.5121916984876784
6.640320912193392 17.47485002845066 2.7865138727229555
7.194338221132737 19.62043055280506 3.9036754554431945
7.024548397135453 22.59266217264746 3.1601261981306035
7.202243847920071 24.465606852404516 3.562995963933245
10.54143028141138 24.86587966338561 3.9089852046941633
10.897067564317302 22.577552954593582 2.2254030943997862
12.186846954634678 23.740889428555093 2.042458057083862
12.814821541270248 22.320095614242614 2.1668578591504875
14.230711166923243 21.05845498191311 2.5405863644852396
16.981195504108264 23.429282667260807 3.6264891640180092
18.93420926769154 24.083024930415476 2.035569066886327
18.573555256193156 27.088828543949298 2.6450979779583794
18.17602748568481 29.12104128617785 2.5960528981215116
14.807068445324651 29.52286483316356 2.9574743074371956
11.7010011199204 26.70789192389843 2.038447614923049
9.995830517586468 26.622963907160948 3.4461874930192264
9.64634585746358 29.487146799723188 2.524389693678769
10.10145004699661 27.289740808439362 3.517847727637359
5.938775655184596 26.78118224298749 3.0732095274407216
4.506015685746894 29.605208448596397 3.363634291293354
3.625376285311017 27.66311327323408 2.4878258149811034
2.055647019916853 28.37688766680639 3.7018154743829434
2.41602143237285 25.865705980644414 2.8701426449399463
3.963514053994175 25.34345080463224 2.117609191549512
5.772209001151114 25.377305350729948 3.731533207952308
6.634846351146089 23.123887826921926 2.8006330891579836
6.600492533065552 22.73285270619302 3.7044478407675454
7.325171281463336 22.661087188450413 3.6724194257211527
6.871528417144033 21.19943370643451 3.1499964235961215
9.087145263185105 19.273954689812925 2.584691645744436
9.900912227545968 20.04315584730018 3.8941782789056756
12.006616920567732 17.812559666493517 2.9578282672211014
13.866225602718758 17.51433109018191 3.8317325592084286
18.80509119424636 18.86598480807538 2.810977698046243
15.596057275374664 17.93145932083555 3.8579555420871268
14.431683162705127 15.52641640252283 3.779856179598835
15.124809512690952 12.91680873788494 3.06331843318216
17.442038336383632 12.2863750577072 3.3042781763301314
18.92803280885294 14.62544245306562 3.0979463168738173
18.999601893217665 13.693890150890791 3.544836014510754
17.896776661412666 11.21176438482872 2.7336167896704855
16.567553142136905 12.089959886385147 2.6765227608005837
15.575272792699025 10.209638986183387 2.6161384791463664
16.096024550484287 8.693921113078034 3.271564319099335
17.961234058641573 7.592290105038252 2.703825944329899
19.089212064128724 7.95122463597287 3.6965640962973154
17.31663963472329 6.413580247275821 3.265733167300172
17.109339926748017 6.091051910324207 3.235785190897942
16.398906157912283 4.97674558253517 3.5067985119229803
19.640327714533584 1.6919053453264443 2.6683808875076434
16.6870856247999 2.2537659091186657 3.1882416215436535
13.931902914290966 1.3537043460107134 2.5308500269638023
11.9571709323756 1.8322087808778875 2.898035160218866
8.19996615783785 0.03054502226827016 2.437909883392478
4.337617843782617 1.761982748296963 2.1381920035281414
