20
7.917745567729462 3.137288600663928 2.1700835816723334
6.517437637479477 26.569257896724686 2.044057509241537
15.61231466653707 26.228590992189524 3.7247368490400565
3.122444934984918 7.429968391472003 3.428867573166399
14.156608142218003 10.478757624760537 2.193409100575665
12.937961312583294 4.733755860628409 3.9606216298794594
19.03358772063348 16.7669792774812 2.767119658630717
8.702325752249651 19.232629266764054 2.910234425077567
12.97572101236145 12.661032023863322 3.5874921948441463
6.113029617562155 2.557713736794398 2.402311022654408
10.591761270108597 23.510329760864224 2.17423267028593
8.728077205582787 10.73580559015426 2.0780306375914197
16.78860968512578 15.8460599456292 3.4387700767561107
3.0592130838770504 11.607979960379874 2.101312483184654
12.422994328987148 14.96189755479696 2.2823764362198364
15.618708889351996 21.270825207821346 2.638647742251667
19.140971107184196 3.0985423057899064 2.3604137563539846
12.76940763012788 7.380286410677435 2.7149910331205427
14.786828680807496 26.146639093840598 2.805571603963566
11.438530512629768 1.1213365990288493 3.3375853103345383
