Visiting cities in order of: 
2.4465717717901403 4.989667124699599 2.6149527186971677
1.1060966943706307 7.969211488629318 3.3395677446970975
5.362379742856016 8.929387632719802 3.4745915321857526
9.27220113643915 19.649897199859016 2.588330727518464
11.851210785958536 20.271951694679913 2.8437143046438553
4.3275732665264695 22.990071243442046 2.715970465693228
4.289690473040874 26.281181983923464 3.6458514653355616
5.076460723837566 26.23006161148841 2.2978041318451785
5.47440042233066 28.98276147532597 3.7051633154334684
12.359992867565046 29.121416991034927 2.148432029705422
13.214981713751028 27.107844116601388 2.431739178093501
14.64835040066501 27.42783717501183 3.280898086498519
13.48399077069265 20.379099518605102 2.91055029053273
19.00870811885574 17.994763992411286 2.0583771242614564
18.40676174874912 9.383022550493012 2.2699727165064894
13.526226306483252 8.995075979623099 2.391167281576559
14.490811135839634 6.585472910115372 3.466398057839962
18.55776392794568 1.3724695027407507 2.4888384072515857
13.453844546459537 0.46556126675522114 2.849560322570773
6.978929694722531 0.885548383936553 3.90708141128384
