Visiting cities in order of: 
3.4586313829932847 0.09521147626817661 3.69157969070611
5.727828058868996 0.17649127380361507 2.7748399675798217
8.07637179504993 0.08314192692503664 3.855396391513307
9.308932299497435 0.30271283876274757 2.146504586649244
8.278256980788099 0.7564737934383858 2.3757882359399822
9.29078693952794 2.173025302061693 3.290318658606096
9.08166751081373 3.1584136886353367 3.4459159361943597
11.925599330224308 7.51540736723082 3.31244826250711
14.825396457592518 11.972841387425571 2.449010836803704
18.531086259554566 15.359405410183594 3.12354586415077
19.490715970791367 18.264741639132886 3.4891015727467103
19.31031259181051 18.978473248042967 3.281227653267565
16.724046013596563 24.612530868135032 3.4734112603242098
14.768607304743977 27.672364363431416 3.4147498012936923
17.758415008544432 29.02570594851463 3.4313641465252434
19.44397050378368 26.141052206533473 3.8409440498065424
19.790472906641575 25.40286545243338 3.603112742093659
19.127295471246327 25.292028575886285 2.504626370456468
16.51214398643109 24.43666545527121 2.0397038231736344
14.18160229074881 23.291226509440712 2.713207404195575
12.276399495648143 24.002725264540466 2.3114585320038206
12.629269997220584 23.821433301485442 3.2952945540195167
12.840828501518914 23.782844015555455 2.6737215181332474
11.79068451675862 22.661174314213365 2.7361047155116767
9.258906820126501 23.81299598613917 3.250656145865439
8.302613096384874 24.375850122496708 3.888427975335655
9.013399136380789 22.432598988139016 2.8591689282492982
8.51806399310669 20.573462325356683 2.0698464844027384
8.9089817669648 21.96886600363124 3.04816058462705
11.575072794753991 20.04703470991995 2.0910075739619574
15.274448242804388 18.726410412514145 2.340912511708548
16.27065494460381 19.28071940579745 2.483628710371181
14.875250250951899 18.75915465008432 2.6875732898423377
15.361590693107782 17.6147247282968 2.2670841444364127
15.915893913918406 16.277439367516212 2.4679071384920883
16.70134948855026 16.35297586423166 3.738173672464166
16.016500563981 13.300532926663706 2.519638961505804
14.801260934094087 12.621920756601963 2.3789437120434567
12.717503386200551 12.659400082557084 2.153791006062716
10.902551193870558 12.508495829402793 2.086415955864546
11.216285697306141 12.765654581643712 3.6534440900788425
11.288761317197334 11.94512542068109 2.7670123196745573
12.60839028867402 10.936901073658962 3.8256295843557524
13.411971875492831 9.384351215321551 2.7889055838755183
17.646712629452395 7.335169740246982 3.232285793721771
19.014442032605665 4.529372539446729 2.8348715595844425
19.94421146611694 0.8444508152088137 3.9946690238828704
18.72165265105013 0.2207491018206631 2.0007370664395854
16.608643519188274 4.11925191174928 2.572872523021796
16.59282476969133 5.439027092265541 3.026740018799403
14.561142885247529 3.273521988598035 3.445879144794301
13.15364355604358 3.7263041557564236 2.945908894846063
14.319929448148518 3.8388910031551804 3.5248791988715404
11.985929706841832 3.3342048342194452 2.9176711961401836
12.052958150106496 4.547221353399266 3.5958873172149755
11.626388220483772 6.266567980021332 3.6872616392342
8.484319182100599 7.929388953791627 2.3958862791642384
7.232376281072181 6.590799294554074 2.455283317535941
4.120109817852102 3.9940023339070976 2.4515751988087993
5.17582189548758 5.068596930481669 3.13874121732432
5.922410241463851 7.6795230010484925 2.626113109332188
5.669225033664511 10.478985787533155 2.8706936139924
3.1526335253952653 11.00508221706072 3.9930525845641602
6.352483567828136 10.236018454958577 3.9288219957503605
6.965429054243167 12.96244894907538 3.849686430015291
7.004877982397297 13.965049944050966 2.9381346289139154
10.06921797229434 15.064199959902808 2.06222170591956
11.10322159594592 14.041790935160146 3.5407570276433438
10.285996466712515 16.963411810564327 3.6014440073472533
10.591248529261195 17.789213673185262 3.363250189732307
9.375541901023755 19.727202881487802 2.404186695968471
7.98953724226511 20.40335293061588 2.5865908069492924
8.046211371098536 20.77276450257654 2.9190481990460184
5.771168997038599 19.80223584084935 2.21995586899668
4.389420016732917 18.73861268132542 2.285732250043985
2.671835781610954 18.369071983588064 3.869718746976835
1.3830900786620837 17.09030252005671 3.623193750221829
4.52224601161779 14.99248808585093 3.36946522591914
6.864400901782433 14.738394246711742 2.527931459803897
7.419963433061971 16.695867070221603 3.2732876011265164
7.902535457947524 18.183344874132054 3.5159187677834107
8.339988663708356 20.90593721501746 3.461354902917609
6.880330160764673 25.491859103406092 3.8272053190817834
4.453800015354286 27.829601563583697 2.0759183862361326
3.943128766056838 25.337325248225866 3.168775028810063
2.9093185993622295 25.418616967635188 2.3737200454285827
0.18382158649409508 26.053223424148765 3.7055850031891997
0.8229861095521329 23.788406061294307 2.8915617786070396
0.9584797916488985 20.889635828954955 2.1400117383208297
1.4689912833727359 17.76559499922328 2.2255742980106374
3.065301034416359 13.087263706795873 3.3438756617554093
2.522416875297988 11.241296929909044 2.1907712914151287
0.9180312646511757 10.835497613431253 3.8585892076739734
1.829404170194533 8.344877255058403 2.6431900259557626
2.610257727498062 7.645461206523157 2.108090735727469
2.632251624093578 6.367214609783137 3.2676010038357344
0.854007294070005 6.272095575969044 3.28531962859192
1.774657071577408 5.827580400961376 2.0419792672405963
2.161381719742159 3.0373291811421566 2.227023513093542
0.06371438689942055 2.364686082340326 2.9928654656765996
