Visiting cities in order of: 
1.6512843207639794 1.839285970243999 2.1753143347937645
3.9921617765768946 2.292473271005453 2.8805434431584453
8.003449379662616 0.17156634620133393 2.1069118282283648
11.647350467738292 0.1498034551286953 2.298920960708112
14.94357323643779 1.5513646076870147 2.397252127043428
14.911349100853764 4.857695018753747 2.8378557062001737
9.52398595350493 4.97876343653582 2.414854621709212
10.540622312355055 13.026076901298637 2.5995606868050993
9.897848182386394 13.43053650867054 3.6796861251604733
11.494848858397521 14.690030154869518 3.714943707254247
14.064129847998233 16.55660749675542 3.548430718389855
16.80017688597956 13.76135871808311 2.9826420555582707
15.332598228986383 22.090941400196275 2.580134775992205
15.436984034305066 25.843246320852373 3.695479810077021
18.288030909772765 28.04159104155647 2.787790467330071
5.0745756267308835 29.560353186502365 3.712633107393137
1.0049356978614266 22.893490367947447 3.448428989492238
1.3646440919576164 22.657032964054316 2.6666323508691194
3.649278017582682 15.00282906086399 3.4669665282428923
19.597376907342316 1.9423563504837205 2.50455914062821
