Visiting cities in order of: 
0.9445483629003726 1.923214554856929 3.523078687509484
4.226539295974101 1.9677199143139557 2.799810671422585
5.912083642870405 1.7679694527207024 3.8047453987337256
8.602023173379818 0.3079084840675639 2.704199381997281
10.727485328717488 0.6745690667813564 3.422892714584406
15.670164811871892 0.039941032157216894 2.4955279860187027
16.403335817055762 0.4786455644460208 3.4994119443876057
18.438030134794776 0.7875481834530773 3.6418500492817016
19.716668384060565 0.7722106911856663 3.1545688296159966
18.877061482915607 3.6238887430034685 3.0952036171331088
18.771263298944344 4.375879598526057 2.981440127581899
19.716919082180343 6.612625826926626 2.560261708987759
17.605375841872675 13.537406797430805 2.3659111898318486
17.31899580537388 14.030255872987205 3.63619255785186
16.80976404536102 15.616888794515614 3.3217352917729075
14.732790983897935 14.62387343517579 2.5781245353215407
14.322690405461582 14.583097734622644 2.749944751673575
14.261632829175642 16.712638628752867 2.7652272245225924
14.949132116196386 15.221729932413538 3.8075986003527023
17.213611827475614 16.743955755885224 3.1340137367139036
15.417857849755922 20.074724819832028 2.8887731500049476
16.087862021879648 21.644078227065833 3.636106078174074
18.375886820654912 22.03624439493878 2.5786861172706104
16.76768505024262 23.209353993243997 3.609207834467015
16.42299092544893 25.228366958958038 3.1204099983112745
16.660627111595016 24.839987982903065 3.6420871035748
16.290016349288393 25.84483567002226 3.634213169195906
17.038682622959186 29.69118398492678 3.637388991235671
15.261816206341695 28.95668268469176 2.1212392543334406
13.38258953424338 28.813719777048416 3.4172837689332995
12.599295368041863 28.505771403216485 2.25000772650784
10.515449625246394 27.95738232341415 3.1719056183230014
8.54854560136653 29.315276064554133 2.4586858978033206
8.815994961888398 29.110714756472508 2.8895201327745585
9.940465149274548 26.9592017394331 3.2601178490545726
12.902467952285164 25.57216634974572 3.737593817306265
13.600941391797726 23.799131643473235 2.305821335257744
13.791677052789858 22.583021172826875 3.909264567209008
12.781081656986915 20.60107070871019 3.3683788715320073
10.700226792962734 17.83286169991962 2.339847152696727
9.743938280358115 18.181643487385884 2.100410955122019
7.819848271173441 20.99211702545302 2.444867865791953
8.235590086627194 21.60966686225554 3.788439556840983
6.14377691093094 22.93992947139943 2.7462483430966014
6.589116816750879 24.494764275447437 3.1687896379743656
5.618593033325849 24.405015904765396 3.425845977077487
3.9478274843402317 25.433323776340867 3.2330300059917763
1.4692978845754645 25.578044576720924 3.7225076993190545
0.5214669643079284 28.03807794798593 2.3714017902442945
0.8803340648497948 28.24720804589963 2.9601067925209605
0.5439711764969068 25.005328578426514 2.853269112332947
0.32736950316611724 23.629648521489194 2.7824778130661905
0.4715730518793593 23.290845937061786 2.9656038279918207
2.7366397426530953 19.16032271846299 3.08671983076267
5.4744828050625705 14.868973802412528 3.650155550714933
8.1087602574126 12.239153645189319 3.828223822904117
6.957515882241461 11.026803600331899 3.539061688659728
5.788505166058224 8.191327441809225 3.748647422410545
3.2895015745291722 5.597291327012654 3.7264979680865604
1.1572068856509055 6.133700054308293 3.272970821618863
2.9393675370378003 8.660960853517626 3.791986304015164
1.1592700771916409 10.886001344903665 2.188997437781655
0.44609122024531933 10.35092315442424 2.0165827122535123
1.5251370615164483 11.136430048751816 3.831472675032586
0.39258358154310447 17.01188228898174 2.106976613334809
0.0073513015713344565 20.29777022413978 2.123488316653191
1.6933452284033201 20.52335683865248 2.421856520266913
3.672340995476988 21.174129672221195 2.0707959866451775
5.3311131920868675 22.368774441795008 3.430439971215308
6.922335367963646 20.013861010278312 3.32471787433544
8.831804685567715 17.429363275394437 2.5777392785635778
8.911714121798703 17.075210811420014 3.3386641156916887
10.423907284672788 15.434670246252225 3.02543194872242
8.935613206584465 15.494199620481986 3.0909764238679243
10.041093517076142 14.156639622017098 2.1621083700736867
8.428541829923834 11.932592002194024 3.8463767801309947
5.311958810964475 11.600617924556264 2.068724846887124
4.391538671765714 11.534197765465276 2.5830291187109324
4.25753462680265 10.227917751198806 2.9480229048110282
4.353066900934306 7.8875429278065035 3.9014535191841047
4.704055889870908 5.237023019610314 2.376527819792836
6.929551169340675 4.417029877583333 2.251262224403284
7.913992002133452 4.102149684485095 2.837470623851961
10.182720885333934 5.7065524725380525 2.695673981148822
12.416309016907709 3.871438271055787 3.1812152598411405
14.260214825163741 3.758315015217307 2.74968104001005
15.130580749155476 5.200107915333413 3.1518958656590907
15.406192139716419 6.621459704880469 2.788151326525177
15.646860725408123 8.48764568820781 2.359210373573701
14.720524097522281 9.291366816437048 2.316840783634084
11.790833951987931 11.452573832628822 3.3966056396637496
9.758044197837668 10.959207888170923 3.103752280413071
10.072157747088662 9.272618304318307 3.2122097544435624
11.326935130706007 8.165622837962141 3.4505683941350176
9.068052911208564 7.005925897035743 2.0744843454614914
5.633353545532598 4.321301188058028 3.1116518171113254
2.7029876433280142 3.8648451519977103 2.57279403139317
1.4019973957971565 2.900846789426099 3.611022488079991
0.33433849913985236 4.129404492430785 3.034216960682806
1.0220299702461277 2.3110812202738487 3.5396942298598084
