Visiting cities in order of: 
1.2301166634708127 5.080938082072332 3.1876678667240252
2.8169221820973966 5.92406538876828 3.449690746815171
0.8130086606558162 5.581927756414784 3.783290009376908
1.3462202737067441 7.876780403561112 2.3904657757448082
2.2295479967480225 7.471768292022461 2.0429064192549835
2.6245151017758994 10.124474204913637 2.8719123565760265
1.4542073915622344 13.00965423504386 2.949062708511293
4.586288842865407 13.897899001709783 3.3272466447031492
3.081380428792855 15.851465184644065 2.0988119787183623
5.373065950152385 18.018271416596644 3.8768229158766436
8.48271707954795 15.495412216666724 2.307364360074602
8.690019413231894 13.596166655025108 2.4039714846365756
8.981641986726922 11.624507508199857 3.7363682405090373
11.145954859557838 12.901420814335875 3.76450859946482
13.400671400167216 13.808767294493437 3.0331084034741407
13.815992872985834 12.211961202831237 3.1049321520169597
15.899812064335759 12.553480825422561 3.6263807549564326
18.27542651799121 11.425307749086322 2.3663881406846468
19.925314512532314 11.632343405206852 3.5996679089728865
19.268743614960684 15.970081828477001 2.278960792737024
19.581148870448487 19.656875963436946 3.92490185689636
19.40515100501554 15.771191593487297 3.6924341416702853
16.811121700392313 15.72616474119181 2.13066608635487
16.81127714880055 17.615723892712953 2.8373954607477634
16.579556957397536 19.101659396100466 2.2823178163847624
14.176146418600277 19.20081037916111 2.377033325023553
14.372969323466304 22.175449291215536 3.1509261525661683
14.128102093855704 22.40708083148094 3.907479528552272
17.797580014159102 25.269085603218013 2.8909599832124036
19.16601191408463 25.88953613354147 2.108137325282464
17.538935629429087 27.261157919451488 2.3577398492749273
17.238136098988562 27.539402003285673 2.659018667529663
19.202450189992845 29.457289338127406 2.7847337313718707
16.914344974130444 28.603472373269483 2.9640822328928107
15.944970258406435 29.01053055060957 2.406235105855634
12.935498938572822 29.11825937244941 3.298899119089291
13.6206553761469 24.742230733380943 3.7557896024591555
11.65712033823203 23.372090434129543 3.1695117978183855
10.145009018557094 20.87242793550391 3.129027555865712
11.5999414338202 17.41202141505846 2.162354828940251
11.95029671239851 17.5810983474418 3.1299206235911012
9.848258672952957 20.74162328442145 3.435109805797863
9.787068925450619 21.855099574512558 3.6232495302131826
7.1867297507610495 24.679970875815975 3.5959521748082044
5.867319986528199 24.0676679082247 3.8639838004260048
5.359709935305972 27.171178396543315 3.466991941933803
4.460581108223396 28.121731939288406 2.052894674614614
5.147793195793793 27.91347254326911 2.8148691505749293
3.5061340536378283 28.039020947232327 2.3223957581897787
2.502850043851721 29.40417789670312 3.863862600763715
1.06616840344671 28.24751882571676 3.071623268894384
1.6905881268872802 25.489715190601963 3.5185484932928452
1.025365900694084 21.997579051404436 2.3357765094397998
4.5750363719790155 20.08621452100102 2.221276709045049
4.126438112265578 17.339422574306784 3.248924573779714
6.243663002924718 17.675798132843536 2.1223319614271396
7.613345968154832 16.671552561048887 2.88223920797146
8.399646839383275 14.310370621629453 3.673714843082302
6.160731675967217 13.566118378774481 3.4903275865157832
5.344688701717752 12.324251037817218 2.6084252167479187
5.543369241479983 12.177063627157608 2.5589103278288157
5.508572742173072 11.56481609947558 3.231596833719193
6.9539460657630325 10.883507004508983 3.828465599046114
6.550952024877601 8.82595530926928 3.6599079607495053
8.4213884421264 10.361897836519155 2.7135172079775525
9.62216096498979 11.1560566326971 2.7556836232803446
9.886924774812059 10.65690970551087 2.222951858138113
11.456743055733456 10.900923936569777 2.4638041106939195
13.577121007627904 10.41291195675157 2.00933737017502
11.70621819324584 10.093531812988974 3.6053498315516865
14.359997503647309 8.820207696141138 2.6037376494462263
15.422027029339567 8.757673039086582 2.7868830391593242
13.909886097645618 7.632522767121394 3.7619634097693666
12.143573189272983 8.09238767333213 2.6369785750398265
10.956660128670801 6.81151415688067 3.349522162013487
8.36004446260624 7.117770878764254 2.6924472724988395
7.613743320011642 4.884086257870392 2.5801286146904228
7.295949637857621 6.279000199731312 3.35887453562487
5.699546608439341 6.697628188888359 3.823524690245431
5.343445090233141 8.494459560500262 3.7771448358083477
6.414615146643328 10.307466639820952 3.8194315847765177
6.102614714610571 9.195736872779065 3.616463331041316
8.423280486868357 9.220381487635201 3.353877869963825
9.316350851935663 6.965941202987507 3.0823031399081686
12.341809596655839 5.025019680012399 2.949496346003207
12.251535387752861 3.790369321071587 2.945956262053553
12.025132982677228 1.5653194482622734 3.980416597277278
15.546777681229212 1.2249126743767291 3.2617457217640595
12.65084449187004 1.0108149141111067 2.7418460575008146
11.561052585932707 1.9323665652190158 3.4610124618617437
11.670603613550776 3.8777527942520873 3.085210168986551
8.370456301906477 4.311796190522383 3.6476758863061276
6.9231294274246435 3.563715345749996 3.5593270048324848
7.487322202402257 3.8108351013761577 2.371132776582219
7.537684799329285 3.0509786640347594 2.6424726668167606
6.3218834208373975 2.1656259288200665 3.0735774184077354
4.123482741808786 3.265294470028368 2.6523608057334127
4.467401851363569 0.3968434703753976 3.440950167563588
3.766091387124604 1.2835096582068495 2.569563132739768
3.588674931046889 1.2150282161112802 3.804283188748673
