Visiting cities in order of: 
1.534689866217993 7.406783684759017 3.155373031854186
0.741196290074897 9.082468224913244 3.4062643816746583
1.344862430204341 13.397194243121591 3.343227037236411
0.9721493378093715 9.098313433372267 3.9846937687836643
3.5034228471328444 6.038394801531435 3.620659423957637
8.988013960674913 1.3823670796907117 3.444792046019881
9.696420229165772 4.385590835964677 2.5006437587828128
9.35879519011291 6.384147542465492 2.8558417463086956
13.097812561350164 8.013284039056881 2.4919921145102526
8.51455908040894 11.969840686395276 2.545291808317609
6.499715799859147 12.73259639292301 3.6945185173725523
5.5607450280921 15.681760109678741 3.974276524102366
7.787283351428864 13.42171650219116 2.063932755639282
7.761874964852042 12.218046407601935 3.254824457944944
5.648544227508974 10.824163667933899 3.357508369509433
7.629006092893098 9.736031654900355 3.4847221875489547
9.115184087336274 6.669179680465305 3.4373366890524144
10.32172006518473 4.521982968440915 3.7692744827425946
12.346987557784121 0.49934033588980187 2.1232143048036187
15.093649841349816 0.4455114020151263 2.858474861611703
19.967309025043278 5.971620204462795 2.0508049713243075
19.71238027686106 9.046808555551992 2.6947384761180047
18.474120753666128 11.118148949923603 2.4710517837254553
19.940806063007763 13.892537369825313 3.4729490456657595
19.523924147524536 16.264042031149312 2.2473384441832023
16.98241055896522 18.61029670918014 2.099739023836979
13.292140861026635 17.878780107584255 3.982402385057366
11.248047015124165 16.514987744947863 3.385289941934669
11.315931200272228 13.884094643116027 2.7004271376643567
12.710587091051098 12.318889288879141 3.437965123989964
15.683270530117495 11.360909348201627 2.6985785844851273
11.929360078031241 13.800710281664493 3.36409650100287
10.617682216995878 16.667899195986113 3.9374541087376125
10.459336725522059 20.18073785103201 3.7745464394733603
8.72975317362813 23.33081913179979 2.371732939373432
7.442474812342148 21.955595019446513 3.7238695029863926
11.610812389427245 21.8490429966714 3.7345348378605925
14.070710800395174 21.228544955874426 3.6862610176054353
16.942549060146057 23.186480237629794 3.078354186891561
19.319744330417283 24.295150693016915 3.8609510362952997
17.652226628177274 22.92982342206229 3.775469414218
18.442078025751204 24.848530556331113 3.0918067235862647
18.348740674892294 23.567839580576113 3.150596371793715
19.63882723241151 24.961410197326742 3.951937230071861
14.50004968898517 29.230173675948446 2.0295182159525043
4.510799408294927 27.69371961339033 2.4643018515772868
1.120522144595475 28.249593234405495 3.662285304308995
1.4158785128276574 23.688736542648115 2.061424162655462
3.2447291799350664 18.038832328188157 3.0600551786979886
0.45535768669883403 20.163216345021116 3.192649200837063
