Visiting cities in order of: 
2.074348947168294 1.722238771110034 2.668738868415052
5.9909521316720955 2.705868843890802 2.358656983969952
7.457139573580511 4.262318508510719 2.1434143549072084
0.6344229899535181 5.141076292157045 2.723655649587814
2.834734172219191 6.463488064509408 3.9942254735936906
5.37247783470572 8.769656639011435 3.233375361807549
10.156547710182407 7.82275497162288 3.410300754511332
9.271119360123821 10.426742576575368 2.1290039698925876
8.545087141692298 12.779953165272186 2.337465948528213
8.692113060611007 16.092453162799444 2.580950636493474
9.757727275813426 15.512581654969939 3.60054564182046
11.639396380459747 14.817476195935047 3.3008850957600346
10.492397068391794 10.296422585670069 3.471231247715062
12.668556285685643 8.993189271594144 2.6980713028300887
12.378794872716961 9.303477524075955 2.310866148823821
12.459417911743571 7.894132606661178 3.8534707559595436
13.305926021215527 5.330844483932279 3.0886674308452218
10.559445206796497 4.490773445897734 3.9259740110355583
8.137344065344514 0.965462944691845 3.7999170114896006
8.781140997831587 0.3128754760796004 2.892456881474022
15.305173848242298 0.6032289998052887 2.301123612564152
19.017469533436387 3.061442965255192 2.6538232480206565
17.275456483457095 7.489355435918066 2.14667634277758
19.757231184189862 10.927913033101822 2.4703355605073307
15.42726220657183 12.415773999468685 2.0726978226754116
14.672836171499641 12.441149799765688 3.4873701540377917
16.413338846696465 14.837168082921963 2.6047196272567654
17.57543393989566 15.516268921215593 3.16671065507816
16.098596570620487 18.150300911932014 2.5111630678184778
19.9276849134456 19.559717298203925 3.223091633438079
17.07729307241955 19.928319283540247 3.5866298013677484
17.225507902002636 22.71390952182334 3.877051637184744
18.27913782959221 26.06733220728386 2.1805535558317803
18.288772425445345 29.003412917259528 2.295267184989232
16.310664901236823 28.6396428960552 2.001053280751055
15.700424848710027 27.20746669413505 2.3630433801255535
13.848274061576868 25.871632164932684 3.413022000915203
9.939772248030705 28.310103229281612 2.6533418039298935
6.174231374051244 27.31868463178919 3.6242876801511077
4.1009543935157255 26.456825944360336 3.8399283184274235
3.880944353034368 28.559204529877057 3.7554124165342113
4.79497094671459 26.63482259086112 3.478067978990537
2.1460359058618383 24.94036416725937 2.8617543317428495
8.988511071640293 22.370600446840132 2.63785845954295
11.973058368304132 21.148212125753478 3.222559026355512
4.398770669048262 18.07482709711165 2.6221278100522287
4.306480443686247 15.256809400215612 3.2294674638674166
2.3361747584904613 15.02523257386948 3.9749351995229403
2.1861526698653244 20.016427922503805 2.528582713938711
0.1057134160160933 22.54141780738983 2.8147419578569504
