Visiting cities in order of: 
2.320529424801341 2.916575619759346 2.973994961743147
2.0995305695963085 8.567290047700586 2.4649465006888134
2.510272811972296 12.464567378642254 3.162768775299555
5.407575493391068 14.623064933017378 3.7763763679876483
8.148377241250826 10.68392459118944 3.207207982396364
7.506526175463108 8.991083334029137 3.760275306610753
9.544110181291714 12.177870828442881 2.7628115112584037
11.566408963053807 12.726175861109668 3.230223336718347
14.257174694549512 12.52857200114455 2.9802362038949983
15.749952139626195 14.330486240829307 2.073777065972461
16.602693551481895 16.7873900580146 3.3458799658433147
18.382224901384024 14.399306069181856 3.11785676890222
18.22786593468152 15.21722678619809 3.8758190178335994
15.99437988106915 17.364456602256837 2.6043494940744587
15.652770809435182 18.58409082341939 2.2377550473488714
11.471177492001779 18.72259790888832 2.518740871146423
12.790386035620537 22.44403919689515 2.1968647718623187
12.998688180454872 23.38072518751329 3.8794344009127464
16.45890830106837 24.735705794540596 2.4462284748852205
18.166576752449817 24.16888988597953 2.1423082434703726
19.29956856470374 26.440713417685433 2.6599005409503897
19.907633163663753 24.50635628116419 3.3628498584075226
17.90038854634166 23.7696732025466 3.619764444225665
16.285707243764726 26.35832851155479 2.6826686940660993
16.5858377196235 28.619905329857584 3.73701691344362
16.04810039097342 28.46503611883831 3.162178584014436
13.701568604634573 27.737463149431633 2.679169236218874
12.203821230146456 24.862975587883785 2.479349912974784
7.422209168083018 25.104733101545513 2.38616576026757
6.709848649803176 26.6222351637789 3.9544700885724238
3.4932526367302663 27.1445884044256 2.066792956732984
2.923269473162764 26.328611711775924 3.475430890561926
1.7597586260898002 25.35148941241576 3.4086445389602673
3.083976335100811 24.681378141012367 3.4063863094055575
2.4941548996191476 21.1596072936081 2.4137868222827334
3.3502452885077583 18.318900350279918 2.0402014014816716
6.138823815559031 19.586591809476342 3.0767332099632343
7.813052358628225 17.959318839962293 2.7205253590322043
11.112912609286854 13.383066711122751 2.235756404652152
13.930546986072322 12.132082994826444 2.34003846405781
15.704811367482726 10.60047240041904 2.904842707192378
16.93435808796775 4.711252365142851 2.783992952419433
16.394176426640698 3.5003030880937436 3.402125998822534
17.770530054515756 2.932908162735004 3.9724101707017825
15.142517053945726 4.35386593148996 3.8502409444621444
11.353298403910006 1.7134645667480386 2.998981236161905
8.10865808176073 3.314969873996789 3.2030415012582587
6.8762587513106554 2.6225767395050315 3.7297310486247923
6.409793594016289 2.798217021508166 3.1817153800928084
6.794600036907301 2.973632662250214 3.8435050078810025
