Visiting cities in order of: 
9.005820287026541 0.853551313811316 2.256590588604504
10.599015373736139 0.27609616844057716 2.7472144172589323
8.158104900597634 1.6083138510223371 3.5763788979914586
9.026336035035254 6.476398811507358 2.010221122855113
9.611525279922912 5.901067019100346 2.723593626986763
10.859305737450777 6.36767394427812 2.975143685944598
12.02943751178751 7.19005655860609 2.699664607891721
17.562645748181037 8.65003159115748 2.9891081164072033
18.470368197823536 11.240469742986443 2.8573916186527235
15.867612830330515 16.622979352922886 2.0791344356015937
18.87412156262211 19.073278013429604 2.5395885061335233
15.857143485961952 20.935612634072243 3.2078719335444257
17.748733519075653 23.911436658334132 3.2905864248371097
9.462147875104272 27.0941058644725 3.6348598427175416
6.903818539520934 26.64562220870786 2.8612911107708507
2.6552508733766667 24.203900536129098 2.751338530932057
3.167173862331647 19.52635134328519 3.4494305133287617
11.42255999707536 17.738939231982847 2.290577715300571
8.727949867023298 17.714680076003926 3.790107342932968
3.5754473581524104 10.09432323306102 3.362381590703549
