Visiting cities in order of: 
8.853120641166319 0.436466287369508 2.2247261213936613
8.803062531737067 0.9846765159516269 2.047910531622046
10.6513699982609 2.7969300964453003 2.741300071573977
9.286189281047275 3.474358402300205 3.07005966555648
8.045314260104748 5.44380692651926 3.5374578224534288
6.614596451738999 6.990955410378451 2.7984021019511607
7.554550759516996 6.951377698507927 2.56537349225771
9.27535094286074 6.705333847916269 3.6172488708134827
12.607798471667541 5.33581663608086 2.100464189089592
13.953328314575291 5.384424695163407 3.2883249775115235
15.403174073455816 3.0575036411101033 3.3709659607153335
14.788328447205828 5.3453193984857705 3.8711807649571734
12.736291412485993 9.37871259922927 2.966422950198802
12.014030424777072 9.048695407605832 2.926812851403197
12.420537135519298 10.145582494903474 2.1887645719316167
12.958361627880485 13.400783494667694 2.7757907472389305
14.087539763737285 15.826743553034499 2.902035089747081
13.59916155567374 16.159522588774422 2.617854889477787
13.41943718877027 20.514925486452633 3.3879482199040862
9.85165365243529 20.397700088863 2.8903626904820765
6.586458532983763 19.952885501041617 2.2265179525980585
3.827958636464308 19.449414419737018 3.0242865903252647
1.2868663504921107 18.32263365580686 2.3350495186886153
0.28145973962541593 29.358501621682215 3.7077327946863887
5.924396825504377 27.144473386961256 2.2478789454283366
10.10221739031177 25.143041505152027 3.3993320845857706
10.819603172368383 26.776961050572396 2.095969422968315
11.104708820367776 24.93273097447147 3.6563011090707445
13.931965343667628 23.41627444756738 3.0098409256985845
12.93208179817638 22.80696745342936 2.89572503088233
14.629541300606203 22.282866913100456 3.2978094304675722
19.12376021553125 21.221036877183874 3.404976712183589
17.357525042813073 18.57134684347715 2.7373236242498193
17.663217476980762 18.538671462353484 3.9121195654019854
17.980844241994895 15.309181275251198 2.0512387205003293
18.442091039481422 14.9961159923441 3.1943389724432913
18.451255472688494 10.496984241592614 3.6526646001623653
15.941978517882509 9.710955072936073 2.2062491197318113
15.123154594744445 13.299109861899328 3.1387755697089768
13.38149680272003 14.319466304025168 3.5111152874797686
10.061092919800283 16.367471454084118 2.832536896547124
9.891800889282244 16.22032297039217 2.7201086851770144
8.83430033357224 13.621181132493277 2.4626572661542734
9.627067224578107 13.007429523107652 3.8287710046020558
5.4759471133494735 14.274946815246842 3.9321125561771035
7.976165576808469 11.900728023672505 2.5407379432244097
7.028011828362029 8.98584097721663 3.727750418698549
6.660036851052496 6.074466332378037 3.2026815204807155
2.655247759866679 6.124070985761651 2.314305334370352
1.5871592995758443 4.342451272401256 2.8419082039364874
