Visiting cities in order of: 
0.4796621797703504 6.638451030505353 2.3864206910844397
0.7703057688493686 11.557657175284794 3.1349321011206914
4.175117934424568 11.151209601557795 3.054607407045351
4.534643625233188 13.437346452729766 2.156025918334611
5.859910911311572 15.04656815612806 2.1117281229147524
4.684770735760506 13.701902105807765 3.2985672282162097
3.9489228529935816 16.172723608734138 3.8591743904198355
4.856214987553087 17.07452549344128 2.421562693164092
6.535273920155616 20.221710438600454 3.2137090921409754
11.119543014700588 19.952228968742762 2.584644942678449
11.76990877673969 19.7453196359736 2.4657791270051668
12.885388635686132 19.40461802721379 2.7345518265308826
16.668216555876352 18.807559151740328 2.585838200823696
18.91521324062323 18.05256635617592 2.5835485436599352
19.801821008840793 21.080044049310235 2.1937939841524745
16.622045464532565 20.177575578689115 2.5840742524304465
15.022557093131612 22.140227457243046 3.4697492809744457
9.978848639213027 22.523231148224802 2.0331262490272337
8.65892544985557 23.192898146113745 3.5109672517406407
7.753171751231022 24.72265892042439 3.1781612095300336
6.312160836033822 23.90357369888403 3.693750523018299
2.8672810454998254 25.07345500114165 2.6848536042704634
5.135985386342314 27.800099053316885 2.4431684562796945
7.745839867233002 28.420720909951193 3.0879497488630614
8.54312183202141 29.610101360906548 2.7592467089551658
12.263240925093221 27.063712571622528 3.8084042186732603
17.93969546856363 28.463022893852106 2.0962303009174805
17.431794515242423 29.115026244817855 3.347515199081709
16.66798084670125 26.033954668825025 2.331828717103641
15.53265402444062 22.28632712922246 3.902026439280747
17.199923764764574 18.776494042181746 3.8162402665823607
17.86848746739896 15.129630319550749 2.7342477287279143
19.28446778618559 13.891590553418716 2.355371907255314
17.21720049059708 9.307149110305534 2.1760022213215313
15.965918488492342 8.456180433154593 3.525064496175765
18.20546642060672 6.072323015220142 3.919163534065848
19.39123606023858 5.31234020368628 3.728516182714486
17.50340353248658 3.747739426574773 2.9125111254566356
17.54318420828203 3.533502558733156 2.026990891370688
18.179870127724424 1.8909760630689143 3.1460330764538185
19.373322543370158 1.6943545690865047 2.2248064329291073
18.302721245859317 0.5887472361961643 3.0131988076598617
13.87208654412462 0.2985284449801284 3.37575539120094
9.545207096376537 3.45457196459778 3.2452545548991805
8.749295219743553 7.105173877221658 2.761461089070859
11.65758388924294 11.737693844374759 2.704670038922109
5.884362955881839 10.740256780632986 3.814489911397562
5.504711358251377 9.84532307863375 3.545409128833301
4.691565878384523 7.403802891579012 2.065658742806168
3.822795462406716 6.84979136305232 3.3388467179053976
