Visiting cities in order of: 
0.3645225569598609 2.2139487542385017 2.4532014523756267
1.4915328459094357 4.178271443639669 3.4168719064256923
2.7012915775837154 6.290292922538629 3.289199549054487
0.9178825918819777 8.026203234139363 3.479133275522486
1.496329317233216 7.600232302053892 3.658832676572356
3.590920147025345 7.688320634664445 2.495104664124003
2.8778852634722307 8.589928008383023 3.2736698244919618
4.249008775718859 7.315580812854172 3.3259592824742437
3.1228198936742535 5.95354928115171 3.5013411780231953
2.087009839910785 3.935373994999356 3.177440977034458
1.8193440854836473 2.2996031024067918 3.831131620539249
4.078493217959012 1.2009237243350301 2.6834634570595233
4.392288642228744 1.894164872158447 3.850724445850055
6.817581427225057 0.2190637823741981 3.051314195772936
8.752651327230804 3.396417272581087 2.571800148536222
8.763052036490866 4.938100943228915 3.950717067301356
10.188166124479638 7.077758927012038 3.10288191904911
10.035729890768284 7.459990607651502 3.302795346303196
8.602234313560412 9.524991388360169 2.711160148015606
12.214360730904861 10.421806093938308 2.735633955117247
10.942908686424646 9.00508646382618 2.1418333656594166
10.288907287883243 7.426643955616322 3.264224033723261
9.104511283643841 5.839546978536953 3.8620924450530447
10.578563367295557 4.132392573867218 3.2230097083701326
11.727426732904329 4.5322482245814495 2.5576652876495363
14.599538381266921 4.732524503988663 3.7907693230333934
17.104216142942807 0.37459898811688874 2.3250075675200748
19.1250279910841 0.4603492720106095 3.3727377463850545
19.8695852682718 1.9897896501854706 3.1751505940500566
18.99228890304241 0.5959767498235202 3.667768455862118
17.146714064538223 2.165483353573764 2.106255269550741
18.07027824125515 3.3312730871161165 2.063610354403692
18.959741886139582 4.170969939810849 3.0451184179058193
19.367422456717435 4.664210424049104 2.421372415506008
19.677959135283878 6.85296529451276 2.4283091306199873
19.61577200914911 6.051597516658368 3.7945075768408962
18.023824768916164 5.071332244078634 3.9417005236677
15.4902416093417 5.336709448335803 2.0090952319778728
12.953802459329493 7.332994394248223 2.998417414502255
13.90342542929871 7.0914533080666615 3.4898100061443564
16.456910552476618 7.550562747227855 2.00712627952053
16.156632298891026 12.569981310399097 3.5436736150154164
15.932769397356276 14.246023136930514 3.6951350868959505
17.116850021417655 13.595906012280091 3.4351322076083166
16.656150685957094 15.61696226329524 2.9873300889762797
14.74456486265042 17.578997240943657 2.1968820077669653
17.287045058422418 16.967408682232964 3.225704175579749
19.66819845185396 17.793568385142066 3.3320145785926774
17.349970653518938 18.151840090341647 2.363597061998788
18.20345949845468 20.65167116267955 2.84589927539281
19.874240795171872 21.581149821816616 2.3237163481565353
17.991163358144846 21.763380513994413 3.7406401558325073
17.42857110877667 24.409832621523865 3.2552793184145044
16.028483975236153 23.851683197598618 3.484163983411082
18.20318407970828 25.063251311946985 2.5152941844476304
17.7985934786684 26.240461147665524 2.2593158958507003
16.212255970041944 25.793975589896423 2.6472678423462863
14.579105161528759 27.488600927300308 2.614494130148606
14.887339394580204 29.933671296421466 2.155760415086279
8.313336763488541 24.911307130602374 2.7546234992609175
9.807655960819545 25.462665503471452 3.8510051354474597
9.655012508516572 28.674882627360788 2.502088084205127
9.169379122011225 28.977066084964203 3.7518775197478695
5.604633744455931 29.33213022324937 2.73379825356777
5.173921249441646 26.946252492110993 2.062379447529323
5.228698685261596 25.5221727935438 2.311052292084417
2.9710162270591245 25.962501889822 2.1609585975568852
2.757265018281503 26.16552620937075 2.6463591722457225
3.6419725868819097 25.25763880511753 2.510561980806231
4.9723098078132555 24.808968412960155 3.8669936604049684
2.9433587041205 20.202534435916824 2.5463940505450635
3.8807768765933393 19.293657426520088 3.9212022744140675
5.626447150808471 17.124308693733692 3.1240762194294556
6.928326604439663 15.844879704343608 3.675029522158918
8.921766441207023 17.32502944692031 3.4349370234985654
10.875680931584348 17.463237258832926 3.8029981481265387
8.867084328559969 19.957556290794784 2.722287457610427
11.274935482896089 20.67595503928633 2.201573592134154
9.71081916957004 21.03675365140541 3.152184550226177
11.963753704589129 21.355435080487815 3.246067712370208
13.233152485591868 23.52329456879388 3.7867153480272018
13.45702157560578 24.315013918407182 2.063661990195794
13.50017494643158 23.59826947584865 2.8527865748169092
13.990095808523426 22.137537634319244 3.3588800559229046
12.813303758144258 20.334136761065757 3.446595674964925
12.00466500105384 17.934279059424522 3.265301447829847
11.374707210346024 17.593303022828156 3.3056692078754977
9.23685710091908 17.573640230679093 3.6563536434297994
8.895712145746748 15.978218441092046 3.169586932510191
8.323270877838029 13.824887042582809 3.096743139146313
6.5001172863339 10.469672811503683 2.042389660889794
6.816058023112217 11.635210432579047 3.3890196192382565
6.335568094137145 14.045274079050547 2.0592317951887664
4.8044774720453205 16.07705260696364 2.4824078500868376
3.3757223133378633 12.458716256905157 2.0260487121202857
1.8953782742342185 12.237779697965927 2.4487303729008536
0.6646828924621118 15.495360384429587 3.8050127969438616
1.6436692785750795 16.923778991743685 3.3146559689188297
0.8070525891545177 19.515917102716994 3.5777077326313322
0.4185102318650946 19.464451833213296 2.7575624307299753
