Visiting cities in order of: 
0.6411914811860941 7.585285727586801 2.2595185872450627
1.2975618979650738 7.7978100079188595 3.108340049627536
9.114910913935354 10.347738309004153 2.1779894518333394
6.973468586951757 11.318452508506654 3.794014363490825
6.573326048665223 17.370737782145365 2.1493848209227444
0.8877991944979424 16.510140056301296 3.586672658273284
1.6161457009653168 27.17085891164185 2.2974957428212663
3.5733278691421755 25.41823219721187 2.799710664163419
17.60165466086407 24.466705675879826 2.3403933176571323
16.243907426234824 21.836902660168946 2.168121071989169
17.181679385155128 18.449619541954373 2.0454387125639446
14.659340420143225 14.982338856779531 2.8929820379300937
12.345932223863814 14.91323532459165 2.522735609068917
10.056460163698699 13.580298440370592 2.9702293459683493
12.64801333354842 13.188025206839052 3.7759706223417364
18.125766154857327 10.779576013255209 3.781867849450894
18.871434432474047 5.515221053629147 2.8647124298352566
13.995288711972666 9.377969433743736 2.4896083419921338
11.569299701375652 6.599118856735996 3.436535544511327
9.958908778095594 6.30363788040821 3.388367175004559
