Visiting cities in order of: 
1.1840124296987597 0.47136561981650393 2.9377914135058627
1.3758722308916904 1.4711129742698703 2.097330906980008
2.1084793035818428 1.453610531437599 2.726249555727756
4.679631622948737 2.88652147645894 3.655882944442397
0.664987012372722 6.934567344064614 3.37253493227625
5.285718779958383 8.330387916991373 3.018213515285472
7.092740475211857 10.994039963955194 2.450845666886647
8.685568404252894 13.227780179404279 2.12290029045921
11.28725148307273 12.135384673939294 2.553856534610332
12.824769986814491 12.442097380201524 3.0557044943931286
10.652062785308498 14.055568493274812 3.55628959729977
11.654116633965728 17.010002066347383 3.317758993612454
13.980250472953863 20.068834274991424 3.4265346856321264
19.78762835312997 20.46084535124379 2.518177834248591
18.762386491755198 25.48342890144272 2.6460372641761585
18.310857271203517 26.016390695866246 2.1337944395765875
15.895741385032807 26.663004823527928 3.0303690120642193
14.300291722924738 28.402607837319252 2.0466329536315824
9.121851525092275 28.84180795042948 2.5639264802166135
8.123541741474495 26.704907745881297 3.765603361801351
4.539893025134571 27.975044082616385 3.7123444713557974
0.6302516341515885 29.2555595891533 2.4394342822057604
3.555584734603243 26.888909039079152 3.9613389895851947
2.041642615410477 22.86556719023832 2.757403926310663
1.3884072657792612 20.164517595508737 2.429659007625526
4.584497020892737 17.99580659770223 2.0342400245770427
8.338884387767758 18.422897071980202 2.1756744604960208
8.92869853854638 21.576327282888226 3.5627938495934024
8.090025375486716 23.418608622308238 2.5138857640367296
8.765098524939015 22.560890121739405 2.5837207955055277
11.503455831470665 23.659861242094845 2.95013545738077
9.428188308614194 22.921351560621236 3.5725808309095655
10.5049851650425 19.57955963601369 3.9167664316418374
16.708767900979158 15.705933910197059 2.50921257111873
17.142553561890786 13.779004677388098 2.9012284240552924
19.233205237388177 14.278867276667315 3.7060643864578635
16.15735337629829 7.125345422567974 2.276226322082002
17.396871955210063 6.614602324565445 3.934232030339233
15.764814568118863 3.006318129596308 2.6058628722447503
17.178600239986256 0.6512931632020824 3.600082625308305
14.36422298992399 2.3730856734941543 2.291975675730333
11.963089531390551 0.1740798920700204 3.042365956935989
14.109498747621139 2.3878956553147876 2.5569853604203923
14.120105610271578 3.571458738155835 2.1361116099766937
12.742875529687696 2.6109224028162368 3.877882143907894
11.269556775406649 5.633257657732075 3.9977948392620672
10.333166668340217 6.404418599647003 2.529535648295841
9.73599782464667 7.355568270881514 2.9722808823590494
5.31238984478099 2.2558940634840985 3.8092035115292755
2.4457019589993867 0.9201041785338548 3.3618149778032604
