Visiting cities in order of: 
0.7364532075094576 1.3751280142164024 3.6110734120105947
4.249813555075772 5.404931359732734 2.699068016544558
1.4291832120444936 12.609984918949518 2.260120221633369
7.9786064419478 18.094633027012826 2.9956453438340054
9.699893117139702 20.045517590492594 2.1994542252842075
10.747283467669185 18.448284610858074 2.6334463711866154
13.691232705274475 21.038215667244856 3.6552490405322184
13.485245110049275 24.033266145285204 2.691327830441762
12.559801036302037 25.894340034745163 3.249462724343055
13.137952541626676 29.78540573752734 3.135700743968055
11.757557158761582 27.773921949953593 3.969068166957383
8.807121349466982 29.311120224420534 3.611171002151341
6.1985540695309655 28.972128621423362 3.9791841023854477
6.572698648020134 28.068007628375863 2.879122042313277
7.798847574071832 24.76416200805947 2.286747253567891
9.578861089452854 23.543028958497743 3.474803913091354
11.575948201897592 24.762974829396715 3.911146859901775
12.70454828525292 24.688477795025804 3.676579269277494
15.381867428521003 21.826175401887486 3.6099053937116308
17.334092358668382 24.03454353828122 3.547802059466621
16.727419285656538 22.47610189626299 3.1174783753866127
15.703150882848382 20.285242330335503 2.7595058919480326
17.244599990002403 20.53307815783631 3.681100742592319
18.633743671370645 20.474923220531867 3.2055053570910443
17.593637131920566 19.301657778963992 3.2741707920057785
19.793034197857423 18.068194510728947 3.9194475967997198
19.35769900847974 14.847166600124647 3.006920114844545
17.558099259427383 16.899419008364028 2.8236988163044954
17.396881386119436 18.175923514328957 3.907433007912675
14.614737662559964 17.47656934857966 3.209232336927733
13.208642960354553 15.87958175789978 2.069615373477415
13.477784352681708 16.461045912742428 3.0092848751209047
14.07931884856556 15.41833828248244 2.6657907049420846
14.875265009452956 11.694044343494594 3.5900689157021985
15.025384419634676 7.084054244044552 2.3289874399392745
14.918305302409692 6.594197742519735 2.9777555144789982
19.865112829968712 6.387665945542897 3.4577203500711775
18.664781963219323 4.381821689082969 3.8209775842267018
19.332314406506956 1.4284219735502013 2.2731720448146895
17.843772742573478 1.6022896792489083 2.5956027398591375
13.536720504125796 4.394631853866501 3.0098701268315304
10.200276216740484 2.614752869871487 2.5425476706045282
11.845551501205072 5.371828978446129 2.8204548810742853
11.828189254356518 7.831163324796907 3.9271492138325743
10.864681368783671 12.869784259567357 3.524540011673823
8.563320690242865 12.234331736721044 2.755183851370706
7.140624520577818 9.347038130879401 2.654431883036314
5.977569690740763 7.163107805011451 3.1411760136717897
4.599992024876951 5.586852010072292 3.8634081373957754
3.0100239996095546 0.29768032582662807 3.5006404730771554
