Visiting cities in order of: 
0.22382944116034142 1.6857676620016937 2.4367553198545235
0.7370063381402114 1.0048717785208117 3.3142916074510405
2.3383503685570006 2.2058346331447276 2.890837927620295
4.042444066326166 2.7847625177461444 2.3085188966974366
11.819659672380347 0.4768253544227574 3.3011192105752496
12.685950164666762 0.4273106323850273 2.8614990412634085
15.18142872829089 0.11518516777515697 2.0892124025770538
17.581951629359963 0.5545386483075998 2.1038067047355895
17.932652667870627 0.1370733690476822 3.219543913748977
18.80058237762405 4.7653773031285755 3.0386279531155496
15.370764469861204 6.232266497005247 2.5346139168823596
14.001134015381634 8.405434729222108 3.6502231770098312
12.054090703397264 11.542635640848774 2.8919986518110417
11.860671819717886 12.654321869655448 2.301744289472043
11.043903894327782 14.167542879044653 2.8747522173605127
11.15856576846435 14.268854764406472 2.945429818414805
11.648933003636376 12.672453153759424 3.8452734729620532
13.758181450568527 14.787076018427326 3.573030906845892
15.017178804537155 15.140102578111849 3.5554076672695385
14.523935372067658 12.740605848364183 3.4362068259743976
15.510868769210921 12.375217818468638 3.1478561633463955
15.402304586576141 9.087982395648991 3.822006825555001
15.928945336779162 7.496890434569526 2.124660423676545
17.040638573540523 7.6574125580028625 2.6371939626794054
17.10071013670896 9.882462610707986 2.1877111184570994
17.55057462649362 10.52699485843385 3.5493471364557068
17.938723248157 13.514415031299322 3.4515396741161926
17.115471754390157 16.622969917363772 3.283193950986161
15.658843235928128 18.79424601987742 2.782720037526931
15.46227447713597 19.127329252506666 2.194558115141351
15.200930313524662 21.06152831226164 3.095030718142054
13.869554326630473 23.343121312087817 3.977735524517388
13.002004132651077 26.840930677116972 2.404820342080587
13.891482486839333 27.198241240203696 2.2262407047573625
17.03910623932526 29.181283924923726 3.899072382389808
19.881727452238568 28.95050541255621 3.2312467196415486
17.308088219898192 27.495399307845283 2.325526257259372
18.759805903154483 25.733839380100616 3.7774447834555716
16.28621816223386 25.126211110470084 2.4657385225220474
18.409649070658634 24.1091692180621 2.664835180355838
19.936855027991864 22.197854055043376 3.034726925597573
18.742097480241004 21.743909140091446 3.0444314237720764
18.777218906844645 18.276240262246468 2.8080765254664604
17.39883141386362 16.84255806650025 2.1733827051761963
16.548588292375147 15.362474202365904 3.1156757213263715
18.446729208800544 15.055029069752022 3.3890637817751865
18.290498184483084 14.241612939240266 2.592213640646689
17.237250646476415 13.74098664422886 3.3345963923723376
16.014757161971676 15.213251107502154 2.605650974595005
15.444451444515446 15.452083499574778 3.1019043636601547
14.65214831213391 18.201226249711933 3.737765616011937
12.385461426325614 20.70053382617192 3.6740019455730004
10.745910482406238 21.926999017298904 2.500759779399631
6.218752566918544 22.213354839454897 3.4682047656969575
5.803407519387969 16.921228310087443 3.4724005677566336
5.839575932583358 14.338243304642752 3.926142879713832
8.462121469146872 9.69344097237078 3.956824746881937
13.870737591507519 6.113773392399525 3.9301782638857663
16.280607483159258 2.87100264987479 2.7186554196461366
14.745508861531505 4.176219879945181 3.299696647423776
10.752538751887514 3.5549110914605975 3.9173882579006056
9.285671562566984 5.278671584193582 3.4422354368127674
7.705202761960031 8.378949296575142 3.997812372382957
9.3401968975467 11.172746013466513 3.393450430899902
12.36505623666857 17.23485480165514 2.4846359870905648
14.06674822749 21.95690945411912 3.811767045863049
16.696630763879 23.24313318469748 2.3806172011336235
15.379201524123642 22.753041503568856 2.0916478795442828
14.010160675792376 22.39001609675979 3.5400685041403595
12.453435335787264 23.78595314365994 2.5876486090139017
11.284367060179454 25.782789081540376 2.6833194849771385
11.57171387492546 27.706397949247766 3.357904002567735
5.9319587129819595 25.274191845927078 3.751363715128807
2.690175263205683 25.510297476302302 3.8120544116473356
0.40452331309101863 24.424937863158927 3.6478239005931625
0.6891409576978824 27.539520256841314 3.6242945156305186
2.7797805965559585 29.21894293477471 3.2328450454717945
4.179113499009912 29.548746513107346 2.649143703429663
6.233910026626315 29.75189755240564 2.6635797908699264
4.136017072675289 26.651608947898602 2.6494576162470174
5.249572605435078 24.101631530889716 2.1561744668289116
6.12752185786362 24.4852724505325 3.051942976484987
4.494466222564721 24.10425741227665 3.4669009401279904
4.562382031279595 21.904190815137955 3.485909544668284
1.0015747757398907 19.60607530020523 2.235552215828058
2.2089837716013294 18.78026539592307 3.373105667243393
0.04765433261139762 15.600463774963476 2.1697132849785694
1.9641422167814682 16.115748780338347 3.1490325999557216
3.9702683244875447 14.76656210610326 2.4187507528348475
5.382278745857851 12.10915286022497 3.5121082043988134
7.161957908867209 12.03679771723726 2.406955091679988
7.636817929489772 10.036805047537573 3.1314650802016657
7.939558834903115 8.539902425646861 2.1460152011884883
7.186122114276047 8.940052302426102 2.6143742133755543
5.098215051304706 10.27549268970163 2.974769610185133
0.1033398885375747 11.2548679631688 2.2448212503963365
0.7273148835119914 11.099032973773081 3.4553798752660354
1.0638766277962164 8.986060238020384 2.958824996721048
2.1352784963665994 7.60613721622987 3.2406621812992795
0.25107735687558863 7.249442497853224 3.3606358448009264
