Visiting cities in order of: 
4.205816295370006 6.806019515847255 3.259195672142682
4.918714481118203 9.606512410071229 2.5782874344983373
5.502263546509452 12.066290957842625 2.225478343595536
7.074245223735245 12.490011005747144 2.721508320423547
9.837525000038255 13.707372859792127 2.6393741286445103
12.802817102557595 13.663092199836889 3.300852770620656
11.469213366821492 10.01213169347358 3.383712302666713
11.609967929008857 7.782952762090321 3.1327627142733743
13.551828471464628 10.10842539903461 2.349879289102461
16.761204204413755 10.90813597091709 2.542009954721485
17.130327263455435 12.870913651462818 3.7070399403315646
16.722236508663656 14.2696632247997 2.9805648087971415
16.55329433527609 16.52424278904123 3.6947547642311878
13.519335763103363 17.88000287832096 3.318520339678942
11.339146093142569 19.411693646005393 3.41892880064006
9.70107238201349 18.97360962945826 2.869633323343102
5.2441201736067855 21.594374227530515 2.3328325326221275
4.237725930063638 20.110720340845653 3.2904008654174177
4.720486029839368 22.373586036398745 3.041666599889669
4.114724838030151 24.210690066191738 2.4869846045080233
4.170609035811685 25.7394316646709 3.1197712936817434
5.20664006093144 27.8271740092301 2.8886829600773423
5.245979059762924 24.97385397234784 3.3054925943482707
6.040443054075881 23.6673622182246 3.977730168956202
7.137072658508449 25.083734006644185 2.609920292212289
9.60149546023606 25.881778196646238 2.069556775015397
12.213684203501018 24.368831369513007 3.614600255481799
12.134988114790655 26.749041492179902 2.455896936475446
13.032608813651503 27.64057994062505 2.1063861239953985
16.931922883245285 26.678766444689717 2.9290440168431777
18.991038166270584 28.535267038795336 3.8160277409622405
19.012972458994767 25.774277641828782 2.8805461213439374
17.724572499951247 23.77425493499603 2.2470733856027607
16.550019233079418 23.704108935123386 2.7154576836209765
19.67032506954356 19.263868116370162 3.0910440453694097
17.767782166781636 17.178268135138595 3.7451954793073456
16.72502551012019 17.48712105213806 3.4015628986467465
15.649789927452272 20.876277748697344 2.242478071854986
14.110478300051021 23.704726553463765 3.0727425938955077
12.958773780134896 22.37357048448875 3.0476440526434976
13.84177583367948 20.844883602163307 2.5283475097320096
12.460653216564648 19.932768064478815 2.564037179253625
9.860030788245256 15.941753549508958 3.5159092140752115
8.079749657307584 14.862538340034565 3.6800609691848654
5.24322837542644 14.081444957617256 3.307850687105491
5.663652756137408 12.372440540699307 2.693297606998861
5.142459014939265 12.5733861287021 3.9658837891100376
0.460771210902744 13.474689436219682 2.9914324223233253
1.4025117287954147 14.391745094170686 3.922247057282222
3.0556846944268523 19.759017078589945 3.463871002690567
2.5283345779894817 22.90992665959194 2.066709975244212
1.385034809391732 24.135545653120968 3.2208311379681005
0.7709432746839928 27.776399229810025 2.0675467796432576
0.16892567085367904 28.252759813696546 3.706604513097454
1.936765433410863 29.169889636960885 2.568583593758408
2.9001512564933485 28.8593742504277 2.882219185354265
4.044877799976419 27.662951625937353 3.7484211645004195
3.2197854803165127 24.61269724881913 3.2039880476483518
1.8229620716786576 22.62919735758605 3.3223278736072883
3.275822199147429 18.426826414134545 2.401250322921668
4.686660304205368 14.277759959876681 3.0770412900889026
9.91304085859473 8.542414590773184 3.3267075247812947
13.921746778166039 5.609548755622331 2.59990055840505
16.51071761897031 3.4459578931979618 2.7998408980827563
17.89046610118342 2.999236671823332 2.96071657748514
19.010611930822808 8.133626650291228 3.429706453531301
18.89763284927809 11.034124241395256 2.418917229506689
16.80283511790812 10.762606637166927 2.1603745461673265
16.40743225204645 9.336604212244575 2.9484822069961796
16.153923533939636 7.245867241690545 3.7519917571827586
17.89934695236741 3.1287182860507934 3.1416003131593158
17.848495650414506 2.4698305433573564 3.3847032761010993
19.28404976628943 3.438395018058121 3.0183468697687594
17.66722110773716 2.670201042430642 2.5745696497939186
16.039885831397047 2.252722294463295 3.221700270637535
15.123850991092656 0.13971796378120183 3.4661489299103883
14.264483077927796 2.058318136636188 2.722955814426143
12.69075054635933 1.0266299372453802 3.765899426518944
11.290987177171523 2.6861870361161255 3.7380522496491295
12.166272554056148 1.4681753556426513 2.564645571485821
11.232262304192325 1.2756749304699055 2.902124702152106
11.276626611655322 3.129119799909028 3.5332701320044015
10.170545383692724 6.516446332369728 2.94064353057718
8.790534197085664 6.961983120163831 2.1252606250950166
5.4833871642808045 8.109952552137834 2.7872612623322244
4.9477001251879305 7.823335437493313 2.6529338676680894
3.686456550272128 6.914731991224086 3.358319994161205
1.4023152829930252 10.1285282313515 2.7755409021819135
0.6318627397516763 8.805153454420534 3.0499521790859605
0.21198518392828047 7.004365127209758 3.1840434599829415
3.791215800572576 6.932677036426991 3.356871426196447
4.548543411010102 8.218401357486483 3.883048132472905
7.279019919397833 6.364684843327353 2.54419025849292
11.11706086785247 3.7076938666863093 2.3153466285943853
11.224846722605488 2.402428004463839 3.894316774214415
6.850577950807133 2.9977970474118876 2.4240333263311644
3.994809105396957 4.449888057223444 3.7685928299587212
1.921543290486054 4.706567377690877 2.3660646266899836
1.6922596050031236 5.781206845410183 3.2817349576719534
0.36054180013393555 4.714352152023002 2.4519027945027707
