20
7.651667660241122 20.216746182040886 3.3350234307156224
19.017142725767656 3.3871301390412567 3.8410934008701685
11.978002395881184 10.806135409220815 2.2740220522274552
13.249663849744193 10.286633437033348 3.630915293697641
4.729789702154168 10.552151590020454 3.669095519290795
19.44801790233246 6.392106646175076 2.218797251813738
12.357992762241123 10.528703692568316 2.5952957337727085
1.5099641837605193 6.443199852537688 2.7428548287217334
10.685092785229308 26.998705252673222 3.9688077608995522
2.970225312024637 29.08413642803513 2.5577956558709953
4.397512551604925 16.413620140041704 3.9237848216827533
13.289351703648709 29.80455430709337 3.3534525573644824
11.016866702494282 4.223479867853031 2.478844803133643
15.678677194245818 17.423040373954613 2.6616025927837534
12.51807639854219 21.79214212367429 2.822968284091138
15.954856640403376 19.944150295773117 3.3085097421085456
18.550732172990195 27.43486599004187 3.4276353416296015
3.7732880155662984 0.33020521350054954 3.260102098024445
12.607028933223726 11.95655911885018 2.1934141763498562
2.9404616851402654 21.638709568752297 3.57629573859661
