20
3.500074185423292 29.73620426062522 3.8206116405017996
6.511025635473217 21.480789949145326 2.839789624182166
6.6878416034548955 4.463400491036316 2.785357016577192
13.13394497479438 9.003806873006077 3.7817457991055505
9.1727648970423 19.889673764466668 3.009495540792418
4.909006751774072 27.042287161435127 3.0375819027319757
6.597260620919205 13.328697344192982 3.1293957454244707
2.650554184649403 2.202901293407391 3.2869110771761
18.971514020423 9.262988768758865 2.0177662887608214
5.0452133135517485 8.833629376590563 2.4282394819315174
4.2599986290119745 7.854587808358598 2.118993617759457
11.904554964159523 28.601386805144248 2.7297386406533866
16.392585909644552 29.96665498483043 2.8057035960953707
5.751293644703228 25.43114029999593 2.9884295165379315
6.275548653355947 22.216515232545955 2.949075598755954
7.403032654106667 16.04854028490127 2.5813631374827506
18.902470808582528 21.07227462314426 2.817014493008651
6.376637076830594 28.033211821965722 3.658620889533691
15.229838667405385 25.91445123947517 2.953039204165092
3.0842464234964617 16.67604686488587 2.1704340070888035
