Visiting cities in order of: 
1.0380924936561264 1.6875746774866351 3.146796342120897
4.890954871582755 4.752751209557036 2.186908258253484
11.646064415875534 4.675382404988233 2.717982346870884
13.064383089629963 6.203983623919338 3.1908813916886007
12.820238696471444 7.259399474978766 2.245072995309761
12.479136779686726 5.724002213238788 3.4513718580960786
16.9838829003777 3.300617214881041 3.128077811901747
19.175978332203773 4.207950913530441 2.0364685538686045
17.17448040929068 5.895623509655044 3.064375550745091
18.60591360301198 8.762711235238296 3.5318593522826314
17.949625886194582 19.79743397239543 2.257678704738055
18.116582362671473 29.527349922873345 3.4250496387670317
16.451039552934773 28.99938471339835 3.0164829009802068
13.919347653811426 24.233214299633218 3.0500593122718596
6.609999245805833 23.22624178559633 3.9050084863022994
5.995539093654458 28.78583980604947 2.2190902718068646
2.706787152971206 29.272490279502108 2.9149548379184775
3.4306349366220767 24.282543986558093 3.5066139253225863
2.3967477605830423 18.993687179213993 3.9015837242109934
5.775626615817204 16.62052006418252 3.201655849713478
