Visiting cities in order of: 
1.1925477141785579 0.7349766590629092 3.484101612671905
5.88575160915207 0.7059245412392889 3.740735086553389
6.822617737374275 2.9103649286097633 2.375504285848927
8.021429331025407 4.4687349502464055 3.8300100738284795
10.665988158399607 3.9688783935743164 3.4383637417229984
13.252698130838247 2.9718411046923143 3.808853998267069
14.841318778057298 2.9643808166303334 3.1729627602248307
13.523312075437694 1.792364742333985 2.024670577335383
14.251509516303527 0.060980026007093624 3.5028105011999005
15.676218936870644 0.3289988573947533 2.445222097752123
15.316277120624262 0.2961263680953985 3.1845191477932056
19.72484509523963 0.8821352955041861 3.4964522628914407
16.487757753963713 2.592282184162158 3.0951276278508155
17.07330927801334 5.09923707363571 2.6002232809429473
16.048524573020334 7.540720670301614 3.1709659024651886
18.209771653828607 9.853856510974259 3.3390595195177664
19.04745959673069 9.971403868899058 3.5505573533700314
19.661568947619333 10.890414439250375 2.719004138259881
19.592080012216407 9.94008253923281 3.9610508612652437
17.775283720396363 14.696111076836399 3.404697034712037
19.11182294475912 16.463358111362894 2.671175103440118
18.411164012643173 20.507455469847724 2.21983936884445
18.207673066192378 21.501083937586642 2.9934200110785105
17.629899378830427 21.914373177508047 3.387785012446672
16.858657908309763 23.60091221348264 3.988599360942992
16.14226123738943 25.337518507541493 2.2791972497805073
19.040641846662623 28.41344167240392 2.6210486558328236
16.59540299415184 27.336246603020363 2.7000395297942497
13.114484281823879 27.066955193262988 2.743670613162484
12.892854351032128 27.933781819635136 3.613349643552516
10.630254449502592 28.254844372499647 3.660147669212221
6.541398562691237 28.189404878821588 2.1139671806322333
5.32207795899716 27.632583115777674 3.029492705767801
5.712946893598407 25.50260597581402 3.96953190884747
6.56003200533545 24.73385956608185 3.5399289391662996
8.815175514539158 25.250733783946966 3.5758506375872416
10.255174453649193 24.91649792504182 2.7118306457616312
9.787707922278617 23.828203222596773 3.48550067063446
11.699039333351513 22.619995090992017 3.3520349005858217
11.331608321295619 24.00331766173751 3.598480851175877
12.52133239486164 26.2456404284464 2.0518519667155486
13.138718053816627 26.313489318865038 3.1184895503812338
13.788660096399084 23.825057899412005 2.3083718062763534
15.425094896613132 23.262905162565108 2.265248662301381
17.00407993683311 23.32183865402327 2.6608806516460004
18.265319980411878 21.959700980652908 3.719462755435937
19.48823278668016 17.3459691222021 3.1762563317047015
18.14870147770193 15.630000287140058 2.0428748279552167
17.0252768060867 14.463004271757104 2.9716426957117688
13.520197492334688 12.423046241785512 3.821967998613858
12.080165299298578 9.780917761701598 2.0589101222289488
13.149130944926613 8.964466505518175 2.11015667274067
12.73446414845807 9.166984864937303 3.063161593688765
9.701779022794156 9.822452065286212 2.657521631395892
9.80769732560184 8.075251698153545 2.6041646573421517
11.258250172772481 6.8442658060645645 3.1216784141745335
11.463766846136592 5.895422282340116 3.951378502693353
13.15131891536241 6.135117468494698 3.6267102710043706
14.204130434129887 8.654811567542586 2.7768471575606704
16.15109732405916 10.107344230438203 2.639875407228913
15.89066589605437 13.709684560891805 2.6203572204322882
15.800300325429486 15.732184705161051 2.8424027885602787
15.200277373157196 20.059115325375235 2.015258330277056
13.984791384434024 18.529816844213176 3.9635064248218868
12.587847876430462 16.701425148737055 3.3292701267535794
11.397566456758707 17.160200294813922 3.671399515458171
8.647282500258838 17.280043252744044 3.4320151511658397
6.9673978645971495 16.856487010838592 2.0940172680267346
4.4759088572442485 16.34845598335727 2.2872355883157187
3.485335238138567 15.24251057419347 2.6902985369188652
1.6127595983822918 15.36267632245414 3.4756922276983406
1.8924621487503046 19.481029076717494 2.309582421434017
1.5929391509074065 21.397986588934767 2.3508256132324887
0.28222469647009474 23.406815289641518 2.240811410782828
1.2840210820620324 23.898924976901334 2.4462307055430856
1.7543061043677044 24.566739140060864 3.0688629679212607
1.8055300776448058 24.641505349114166 3.6694721207165735
2.6135079383096538 26.81736254991523 2.7014423123486537
0.7579337015948395 26.970988681877657 3.1423954315992133
2.1076745704769917 25.537277068847157 3.821321265456467
4.389812324213116 24.215372185346254 2.704140934842071
3.4173601035888623 24.00546792733853 3.3570812982945113
4.512862606312426 21.991700956182438 3.2202475104353008
8.062286354361696 21.58474316483685 3.1743369582427867
7.257859097977091 20.19326387387233 2.6746538426498088
6.862456422448182 18.10135316322585 3.2730847890143235
5.8632379950299445 13.669007336624851 3.20081836118678
6.351665283704566 13.153416258576424 2.016657046838672
9.016516907058744 11.965088967241016 3.3100778076300523
5.190897106522405 9.775648772354957 3.5906573870749563
3.754925342991484 11.538501721754788 2.2920789990558585
2.763228255132739 12.138851576027859 2.1521527519263186
2.4851349328591565 13.402809585225977 3.4965554825475085
0.09185350194071296 11.748518970266709 3.5807037410333242
0.010319779089846826 11.213286743116791 3.725238719159511
2.211433348298286 9.462395477206583 3.2694283104677773
2.364335579754986 7.713775580189481 2.9479410947406306
3.231513980104319 4.990748199860098 3.69591544436336
0.30187034638913257 5.088085744895217 3.103273701412568
1.4761453663098956 2.1957603222351096 2.4259018114278295
