Visiting cities in order of: 
1.0156142973643134 1.428630946433056 2.611063096497494
2.109963225370408 6.2393989319811585 2.5914723656049725
0.19550977037248396 6.628921536498757 2.082730995689025
2.168701296315023 7.2215122793201285 2.608419874481246
3.405990472218019 9.428779884380273 3.1308545294780767
6.642508417073117 7.283478300874507 3.4155374567928964
8.825065944055154 7.263485296542065 2.5645309238755054
8.654591664988192 10.048516855574452 2.8787025294280024
8.680303178391274 12.122052421681133 2.6857553220436863
7.37590070091283 12.833460979235337 2.923713834997111
5.6816137269227385 15.650982719756408 3.818884650176884
3.600291395920643 16.885182740838125 3.161126187607577
0.5763031422586629 21.026843389908283 3.9027810311582956
0.07246604141969426 22.63180410544764 2.5372642113446
1.1908403125639833 23.76840231368912 3.1034110465183753
1.6261535028738994 22.1186783332902 3.782023937760831
0.2828396199480965 24.14761890414725 3.217268146555801
1.4684509402372736 26.35296825823389 2.1686334529989617
2.05570853287262 25.879095350873563 2.3176369985417447
4.0028378886393785 24.763665423589572 3.467012363967818
5.258965109142498 27.31808561425129 3.0302404503576845
5.054294364192138 24.35872944209718 3.1498363838566448
5.49165774749196 20.188341581037285 3.755920500812822
3.4090966306286763 16.425576320422305 2.541664141284699
1.2088166171040493 14.228958731100956 2.7284317663575903
1.3526646129925513 13.801331110399577 3.442104842089869
1.739241394022255 12.370345178622498 2.4204405079541633
3.321366885522774 11.865771541596153 2.5056098185476765
3.2174018600378673 11.976851443301683 3.4645161357353444
3.717237082388618 13.183019896344602 3.851729840258528
7.548538471681889 16.055775543509245 2.295966725359156
8.042565754013513 18.37685978264555 2.595523260539504
11.308492844080915 16.574583254261665 3.9831062484707607
13.66586944937672 14.89255046667203 3.840381050122623
15.511353005106546 16.510427305515826 3.949037151988093
16.981576219917976 15.920235815828915 2.968880771005159
15.928241115055199 17.70353596459746 3.2710754223690452
16.179797609855104 19.12111737313471 2.874673581232855
17.455852493997767 20.980028781690372 3.4427467348692202
19.488116725101143 20.4457818191157 2.2027522272142184
19.281072456194565 19.270360578472392 3.4252026942017086
19.161816084358957 21.0918527122331 2.1854352453444195
18.017744152264022 20.63743960420686 3.65195192864953
18.91155045399809 22.10066567217299 2.9531930000385325
19.376694668937933 23.417568293143084 3.8707486883587823
19.550344842163604 24.85378597312089 3.4630002949236474
18.00817700363107 25.926259284010687 2.5565742604949837
16.246368544272226 25.263395734943135 2.6895340658528486
18.034639869038493 26.917078683650452 3.465722048894824
18.718866534434675 29.24453577446792 3.3040864857224435
15.716620388698177 28.881560438881106 3.4461211547797737
14.746906040235181 29.20765054194618 3.4463098862258024
12.46533803661639 27.179793958812574 2.856675116367931
10.922130430027632 26.792022101447664 3.9360866604160263
7.474094049067048 29.86476150746175 2.310812377466405
7.078876251452697 28.19575851315231 3.9072613402086356
8.641567087559654 25.36518752943507 3.282291815869833
11.000359542022878 22.538142747059776 3.997681050078885
13.272650220058878 23.37210364369057 3.793811880967554
14.94101267199943 22.27669928540011 2.634929092749039
13.657217269839387 20.346813592443823 2.096737245578907
12.764200366844278 15.520199440654451 3.0496530119738443
13.366503246671215 13.63804390506776 2.281754071878942
14.220600486409673 12.026141063251824 2.9828479928858362
14.251389689560432 10.272463579635813 3.376943229521931
12.930816384970898 7.695856600050673 2.5395728385675436
10.380279516884737 7.153100420480839 3.406957333916937
9.673018739668834 5.078531090426873 3.289001401819494
10.16279315163591 3.1019632462411084 2.916029584487273
9.658396936717264 1.570049219809162 3.9717633787788555
12.226053793539348 2.368790354226854 3.8077996230791173
14.34621654017933 1.0608616970855123 2.5201428898193665
18.214005955845952 4.201418054978133 2.448277049380894
19.038670794773832 4.346940844218807 3.581149463890109
19.91015784344375 5.928622454765434 3.4198964487577035
17.05992216632484 6.205744141940457 3.4775617748557
17.99241370329004 7.846306431392016 3.493571582200614
18.70363264285264 10.903179751937952 3.3278317025537545
18.9524090610487 13.615008014662136 2.1666060972590833
19.388183146728764 13.400194851311513 3.45177118918536
18.1448947645665 15.327814985463066 3.012569000632319
16.99675549786622 13.66047674837423 3.087801213942818
13.83552718555978 11.073364040921888 2.171464167480899
12.646194546914689 10.019893507390291 3.222224381450408
11.269731331135013 10.138520679149286 3.401002934887678
9.463845008547233 11.926329567639032 3.720130632443749
5.558616621700018 10.845729540357603 2.2861050789287463
5.895918270964553 6.557986279176873 2.8909979673336292
7.494228028227132 3.284150607884575 2.1254954467504747
7.8853342732215985 3.5693262000217905 2.3759027492781732
9.222720178950992 4.246972860738827 3.6776328162280327
9.025469286209129 2.050753568364753 3.521951056284541
9.682922626850186 1.667734801857067 3.705433380807108
7.9376275077579805 1.5557548120166387 2.1160207485942886
7.2655756588045755 1.180630628160575 2.8769938768152845
6.396954810104257 0.8340921761847531 2.887185437728588
5.8633914036075385 2.985437660035737 2.444581955674075
5.024822892830089 3.255514678850063 2.1468065837803065
4.905232742971584 2.6820748176668796 2.9916593677082033
1.8808020227986133 1.8790984544012512 2.346982826482334
