Visiting cities in order of: 
14.496179140610948 0.3214941405198035 3.71429983453106
14.566578678060548 1.492017385909541 2.877028039034121
18.16552895365104 1.2185319009397289 2.318921907986998
16.769749307487913 2.5542003025427604 2.7437549430527586
11.033886824544494 13.678902339392797 2.7642535333945433
18.563904235730465 19.810299577992645 2.075147323216026
15.815625931344679 23.94132613606448 2.7110795540869717
19.678893322631044 27.171492589317022 2.8471489997911243
17.95152517507948 29.673016849134072 2.556728262814094
15.47722407689629 26.72138199544841 3.5470384361175236
9.72988204479968 25.12565946136546 3.4272490104908924
7.470147536284375 24.565832852151026 2.086368200567665
4.645262259655034 24.763016762934342 3.0608745976216443
7.606839352826724 23.61403367259115 2.9882427424517783
8.807335042176824 23.644508456925237 3.83954173006515
5.587431273173138 18.36417699086389 2.2456427702310924
6.220497393767969 15.792783290060745 3.685054837548223
3.9452959977263324 11.750108463846852 3.0872661702537956
4.323149472422725 15.610410979248986 3.5653583499398236
1.4523354824460744 18.04124386876594 3.1727299187633906
